mass_A
t	x	y
0.000000000E0	4.873292719E1	5.434264027E1
1.666666667E-2	4.872992332E1	5.437254646E1
3.333333333E-2	4.873886909E1	5.446009243E1
5.000000000E-2	4.873313128E1	5.449723323E1
6.666666667E-2	4.872787852E1	5.452727078E1
8.333333333E-2	4.873995193E1	5.460208383E1
1.000000000E-1	4.873219719E1	5.465102940E1
1.166666667E-1	4.872932936E1	5.467795504E1
1.333333333E-1	4.872347734E1	5.471272101E1
1.500000000E-1	4.873396245E1	5.479042509E1
1.666666667E-1	4.873035418E1	5.482422748E1
1.833333333E-1	4.872809249E1	5.484710464E1
2.000000000E-1	4.872013405E1	5.489842228E1
2.166666667E-1	4.873600009E1	5.496240074E1
2.333333333E-1	4.872990087E1	5.498612629E1
2.500000000E-1	4.872518163E1	5.500922498E1
2.666666667E-1	4.872267598E1	5.505102792E1
2.833333333E-1	4.873376665E1	5.511560799E1
3.000000000E-1	4.873138846E1	5.514122409E1
3.166666667E-1	4.872682675E1	5.515661320E1
3.333333333E-1	4.872475136E1	5.518199883E1
3.500000000E-1	4.872212879E1	5.521429438E1
3.666666667E-1	4.873688185E1	5.527464177E1
3.833333333E-1	4.873070938E1	5.529953667E1
4.000000000E-1	4.872900879E1	5.531192633E1
4.166666667E-1	4.872553023E1	5.532831342E1
4.333333333E-1	4.872297685E1	5.535255913E1
4.500000000E-1	4.873698284E1	5.539886867E1
4.666666667E-1	4.873342167E1	5.543957001E1
4.833333333E-1	4.873104000E1	5.545671975E1
5.000000000E-1	4.872951179E1	5.547149114E1
5.166666667E-1	4.872853484E1	5.547584668E1
5.333333333E-1	4.872793984E1	5.548676145E1
5.500000000E-1	4.872536522E1	5.549969057E1
5.666666667E-1	4.872182941E1	5.551677411E1
5.833333333E-1	4.872099893E1	5.554774704E1
6.000000000E-1	4.873598418E1	5.555442551E1
6.166666667E-1	4.873448289E1	5.559723937E1
6.333333333E-1	4.873238788E1	5.560695950E1
6.500000000E-1	4.873218202E1	5.561382197E1
6.666666667E-1	4.873154787E1	5.562341482E1
6.833333333E-1	4.873088022E1	5.562447003E1
7.000000000E-1	4.873149593E1	5.562587252E1
7.166666667E-1	4.873072168E1	5.562712361E1
7.333333333E-1	4.872952033E1	5.563062266E1
7.500000000E-1	4.872952577E1	5.563066386E1
7.666666667E-1	4.872900349E1	5.563106723E1
7.833333333E-1	4.872947775E1	5.563142532E1
8.000000000E-1	4.872926882E1	5.563139769E1
8.166666667E-1	4.872937278E1	5.563125004E1
8.333333333E-1	4.873138537E1	5.562756696E1
8.500000000E-1	4.873137189E1	5.562610134E1
8.666666667E-1	4.873129571E1	5.562394274E1
8.833333333E-1	4.873180174E1	5.562018026E1
9.000000000E-1	4.873273677E1	5.561404455E1
9.166666667E-1	4.873324828E1	5.560689201E1
9.333333333E-1	4.873536555E1	5.558993794E1
9.500000000E-1	4.873509418E1	5.558189415E1
9.666666667E-1	4.872226612E1	5.553926596E1
9.833333333E-1	4.872429271E1	5.550469135E1
1.000000000E0	4.872715450E1	5.548554457E1
1.016666667E0	4.872783793E1	5.547859974E1
1.033333333E0	4.873118773E1	5.546846853E1
1.050000000E0	4.873304386E1	5.545594884E1
1.066666667E0	4.873486455E1	5.544413492E1
1.083333333E0	4.873699973E1	5.541750037E1
1.100000000E0	4.872509041E1	5.535850141E1
1.116666667E0	4.873162337E1	5.532731161E1
1.133333333E0	4.873096829E1	5.530952054E1
1.150000000E0	4.873368345E1	5.529708567E1
1.166666667E0	4.873753430E1	5.526414149E1
1.183333333E0	4.872596420E1	5.520530671E1
1.200000000E0	4.873167458E1	5.516750807E1
1.216666667E0	4.872945540E1	5.514950794E1
1.233333333E0	4.873639497E1	5.512961106E1
1.250000000E0	4.873874059E1	5.510150389E1
1.266666667E0	4.872873188E1	5.502341536E1
1.283333333E0	4.873192619E1	5.499770030E1
1.300000000E0	4.873579015E1	5.496838335E1
1.316666667E0	4.874064040E1	5.493994825E1
1.333333333E0	4.872950378E1	5.485649692E1
1.350000000E0	4.873419494E1	5.482662431E1
1.366666667E0	4.873702229E1	5.481041709E1
1.383333333E0	4.872683912E1	5.474014248E1
1.400000000E0	4.873171471E1	5.468703459E1
1.416666667E0	4.873555752E1	5.465800580E1
1.433333333E0	4.874040162E1	5.462984929E1
1.450000000E0	4.873064348E1	5.454305773E1
1.466666667E0	4.873458663E1	5.450423020E1
1.483333333E0	4.873918072E1	5.448210484E1
1.500000000E0	4.872999183E1	5.439971596E1
1.516666667E0	4.873506027E1	5.434621029E1
1.533333333E0	4.873917199E1	5.432862753E1
1.550000000E0	4.872743979E1	5.424957099E1
1.566666667E0	4.873461602E1	5.419364570E1
1.583333333E0	4.873754053E1	5.416283766E1
1.600000000E0	4.872855475E1	5.409867846E1
1.616666667E0	4.873539802E1	5.403076500E1
1.633333333E0	4.873885876E1	5.400186562E1
1.650000000E0	4.873008349E1	5.393138499E1
1.666666667E0	4.873581759E1	5.387022909E1
1.683333333E0	4.874148421E1	5.383885066E1
1.700000000E0	4.873183324E1	5.375706155E1
1.716666667E0	4.873662192E1	5.370202618E1
1.733333333E0	4.874199369E1	5.367768608E1
1.750000000E0	4.873243478E1	5.358832844E1
1.766666667E0	4.873966610E1	5.353750467E1
1.783333333E0	4.874621199E1	5.350667857E1
1.800000000E0	4.873546753E1	5.341074073E1
1.816666667E0	4.873972393E1	5.337349283E1
1.833333333E0	4.874342651E1	5.334088922E1
1.850000000E0	4.873474022E1	5.324878597E1
1.866666667E0	4.874181468E1	5.321056805E1
1.883333333E0	4.874775798E1	5.316078466E1
1.900000000E0	4.873789145E1	5.307643653E1
1.916666667E0	4.874021184E1	5.304710137E1
1.933333333E0	4.874556931E1	5.299021368E1
1.950000000E0	4.873835904E1	5.291858760E1
1.966666667E0	4.874183819E1	5.287803272E1
1.983333333E0	4.875040520E1	5.282010867E1
2.000000000E0	4.873612783E1	5.275318476E1
2.016666667E0	4.874166167E1	5.271614218E1
2.033333333E0	4.873633524E1	5.264919451E1
2.050000000E0	4.873968376E1	5.258047497E1
2.066666667E0	4.874507792E1	5.255171763E1
2.083333333E0	4.873533827E1	5.247657742E1
2.100000000E0	4.873927863E1	5.241861811E1
2.116666667E0	4.874488775E1	5.239436698E1
2.133333333E0	4.873455715E1	5.232065087E1
2.150000000E0	4.874170750E1	5.226115969E1
2.166666667E0	4.874403738E1	5.223326246E1
2.183333333E0	4.875193195E1	5.216886656E1
2.200000000E0	4.874107738E1	5.210888739E1
2.216666667E0	4.874265633E1	5.207533888E1
2.233333333E0	4.874871698E1	5.204884615E1
2.250000000E0	4.873743147E1	5.196210085E1
2.266666667E0	4.874044426E1	5.192634410E1
2.283333333E0	4.874786544E1	5.190083624E1
2.300000000E0	4.873587017E1	5.182413618E1
2.316666667E0	4.874080428E1	5.178147794E1
2.333333333E0	4.874385224E1	5.175720977E1
2.350000000E0	4.875117616E1	5.171995403E1
2.366666667E0	4.873750561E1	5.165399138E1
2.383333333E0	4.874022905E1	5.161164522E1
2.400000000E0	4.874465526E1	5.159344618E1
2.416666667E0	4.874779566E1	5.156745771E1
2.433333333E0	4.873747369E1	5.150313446E1
2.450000000E0	4.874009299E1	5.145693062E1
2.466666667E0	4.874274404E1	5.143951868E1
2.483333333E0	4.874676903E1	5.142177901E1
2.500000000E0	4.875202781E1	5.136895814E1
2.516666667E0	4.873784184E1	5.132872780E1
2.533333333E0	4.874171564E1	5.129552318E1
2.550000000E0	4.874102401E1	5.127737531E1
2.566666667E0	4.874599643E1	5.126556111E1
2.583333333E0	4.874785603E1	5.124514356E1
2.600000000E0	4.875292746E1	5.120876535E1
2.616666667E0	4.873930041E1	5.116500225E1
2.633333333E0	4.874084168E1	5.113772997E1
2.650000000E0	4.874368706E1	5.112703539E1
2.666666667E0	4.874304593E1	5.111153087E1
2.683333333E0	4.874487609E1	5.110350608E1
2.700000000E0	4.874720529E1	5.109123039E1
2.716666667E0	4.874930997E1	5.107867355E1
2.733333333E0	4.875277752E1	5.105626840E1
2.750000000E0	4.873675099E1	5.103027361E1
2.766666667E0	4.873677188E1	5.099854105E1
2.783333333E0	4.873899500E1	5.098975841E1
2.800000000E0	4.873983472E1	5.098033299E1
2.816666667E0	4.874110499E1	5.097736273E1
2.833333333E0	4.874112317E1	5.096651441E1
2.850000000E0	4.874085092E1	5.096635961E1
2.866666667E0	4.874088311E1	5.096451552E1
2.883333333E0	4.874126680E1	5.096322783E1
2.900000000E0	4.874186356E1	5.096255446E1
2.916666667E0	4.874158466E1	5.096029571E1
2.933333333E0	4.874184498E1	5.096107047E1
2.950000000E0	4.874165860E1	5.096195686E1
2.966666667E0	4.874151701E1	5.096312426E1
2.983333333E0	4.874056365E1	5.096630799E1
3.000000000E0	4.874049087E1	5.097224036E1
3.016666667E0	4.873988398E1	5.097601091E1
3.033333333E0	4.873833777E1	5.097885096E1
3.050000000E0	4.873804251E1	5.099016064E1
3.066666667E0	4.873770986E1	5.100120199E1
3.083333333E0	4.873593116E1	5.102257602E1
3.100000000E0	4.875166273E1	5.105889948E1
3.116666667E0	4.874759833E1	5.108817575E1
3.133333333E0	4.874552371E1	5.110354999E1
3.150000000E0	4.874142685E1	5.111964823E1
3.166666667E0	4.873934666E1	5.112979088E1
3.183333333E0	4.873833077E1	5.113944791E1
3.200000000E0	4.873306830E1	5.116280443E1
3.216666667E0	4.874804705E1	5.120588706E1
3.233333333E0	4.874321197E1	5.125673559E1
3.250000000E0	4.874050530E1	5.127336826E1
3.266666667E0	4.873903624E1	5.128733717E1
3.283333333E0	4.873600504E1	5.130879637E1
3.300000000E0	4.873248395E1	5.133950873E1
3.316666667E0	4.874667362E1	5.140835317E1
3.333333333E0	4.873958939E1	5.143541609E1
3.350000000E0	4.873595765E1	5.145155187E1
3.366666667E0	4.873345236E1	5.148500925E1
3.383333333E0	4.874737815E1	5.153290487E1
3.400000000E0	4.874098103E1	5.159026276E1
3.416666667E0	4.873663838E1	5.160815364E1
3.433333333E0	4.873336252E1	5.164414707E1
3.450000000E0	4.874506982E1	5.170442028E1
3.466666667E0	4.873752387E1	5.175703985E1
3.483333333E0	4.873592070E1	5.177606114E1
3.500000000E0	4.873106457E1	5.181281025E1
3.516666667E0	4.874114054E1	5.189968199E1
3.533333333E0	4.873651733E1	5.192434377E1
3.550000000E0	4.873200377E1	5.196034614E1
3.566666667E0	4.874469847E1	5.202989158E1
3.583333333E0	4.873637634E1	5.208150129E1
3.600000000E0	4.873269810E1	5.211164070E1
3.616666667E0	4.874227492E1	5.218538468E1
3.633333333E0	4.873754186E1	5.223941655E1
3.650000000E0	4.873319646E1	5.227080293E1
3.666666667E0	4.874031789E1	5.233310675E1
3.683333333E0	4.873490167E1	5.240517392E1
3.700000000E0	4.873048137E1	5.243362108E1
3.716666667E0	4.874095081E1	5.250287898E1
3.733333333E0	4.873511170E1	5.256943609E1
3.750000000E0	4.872639772E1	5.259581471E1
3.766666667E0	4.873819267E1	5.269404577E1
3.783333333E0	4.873269741E1	5.273231431E1
3.800000000E0	4.872820926E1	5.277248317E1
3.816666667E0	4.873723198E1	5.286608172E1
3.833333333E0	4.873287104E1	5.289764961E1
3.850000000E0	4.872648368E1	5.296051723E1
3.866666667E0	4.873474370E1	5.303778323E1
3.883333333E0	4.873058006E1	5.306846656E1
3.900000000E0	4.873917024E1	5.314856172E1
3.916666667E0	4.873132109E1	5.321001730E1
3.933333333E0	4.872788673E1	5.324273371E1
3.950000000E0	4.873529689E1	5.333299459E1
3.966666667E0	4.872969523E1	5.337659397E1
3.983333333E0	4.872531980E1	5.341943804E1
4.000000000E0	4.873490978E1	5.350444741E1
4.016666667E0	4.873011327E1	5.354631047E1
4.033333333E0	4.872157307E1	5.359638456E1
4.050000000E0	4.873377321E1	5.367607098E1
4.066666667E0	4.872984482E1	5.371494547E1
4.083333333E0	4.872160220E1	5.377309176E1
4.100000000E0	4.873143052E1	5.385021059E1
4.116666667E0	4.872709458E1	5.388327002E1
4.133333333E0	4.873596125E1	5.396792005E1
4.150000000E0	4.873105948E1	5.401625170E1
4.166666667E0	4.872465960E1	5.404799445E1
4.183333333E0	4.873503051E1	5.414576243E1
4.200000000E0	4.872866914E1	5.418469647E1
4.216666667E0	4.872278434E1	5.422201961E1
4.233333333E0	4.873377573E1	5.431095536E1
4.250000000E0	4.872827683E1	5.434380239E1
4.266666667E0	4.872253493E1	5.438952732E1
4.283333333E0	4.873433410E1	5.446587908E1
4.300000000E0	4.872810833E1	5.450560020E1
4.316666667E0	4.872456384E1	5.453325018E1
4.333333333E0	4.873413198E1	5.461592972E1
4.350000000E0	4.872928701E1	5.466467403E1
4.366666667E0	4.872398055E1	5.469188307E1
4.383333333E0	4.873400174E1	5.476111872E1
4.400000000E0	4.872842112E1	5.481660932E1
4.416666667E0	4.872521325E1	5.483721609E1
4.433333333E0	4.871919000E1	5.488539284E1
4.450000000E0	4.873249392E1	5.495135956E1
4.466666667E0	4.872932710E1	5.498691435E1
4.483333333E0	4.872428037E1	5.501349233E1
4.500000000E0	4.873351599E1	5.507352532E1
4.516666667E0	4.873234322E1	5.513031127E1
4.533333333E0	4.872530306E1	5.514735802E1
4.550000000E0	4.872409368E1	5.517138414E1
4.566666667E0	4.871854202E1	5.521730657E1
4.583333333E0	4.873198312E1	5.527442959E1
4.600000000E0	4.872949790E1	5.530323813E1
4.616666667E0	4.872285739E1	5.532171060E1
4.633333333E0	4.872336966E1	5.534213339E1
4.650000000E0	4.871681072E1	5.538500133E1
4.666666667E0	4.873110904E1	5.543652537E1
4.683333333E0	4.872954865E1	5.545980543E1
4.700000000E0	4.872485881E1	5.547301768E1
4.716666667E0	4.872408367E1	5.549184564E1
4.733333333E0	4.872104849E1	5.550915034E1
4.750000000E0	4.871687530E1	5.554141569E1
4.766666667E0	4.873361893E1	5.558030248E1
4.783333333E0	4.873058847E1	5.560942084E1
4.800000000E0	4.872912243E1	5.562396605E1
4.816666667E0	4.872749023E1	5.563170009E1
4.833333333E0	4.872307159E1	5.564428392E1
4.850000000E0	4.872131919E1	5.564960305E1
4.866666667E0	4.872068931E1	5.565186799E1
4.883333333E0	4.871839040E1	5.567203043E1
4.900000000E0	4.871636272E1	5.568483949E1
4.916666667E0	4.871644093E1	5.570454922E1
4.933333333E0	4.873402125E1	5.571817333E1
4.950000000E0	4.873102757E1	5.574428275E1
4.966666667E0	4.873053472E1	5.575549418E1
4.983333333E0	4.872965651E1	5.575772038E1
5.000000000E0	4.872757809E1	5.576657244E1
5.016666667E0	4.872776882E1	5.576663204E1
5.033333333E0	4.872782484E1	5.576686243E1
5.050000000E0	4.872897858E1	5.576615608E1
5.066666667E0	4.872860325E1	5.576493740E1
5.083333333E0	4.872751179E1	5.576411264E1
5.100000000E0	4.872809295E1	5.576238620E1
5.116666667E0	4.872924622E1	5.575342332E1
5.133333333E0	4.873063819E1	5.574560196E1
5.150000000E0	4.873250129E1	5.573183723E1
5.166666667E0	4.871647388E1	5.569806404E1
5.183333333E0	4.871767960E1	5.567508468E1
5.200000000E0	4.871832450E1	5.566015980E1
5.216666667E0	4.872297394E1	5.564924901E1
5.233333333E0	4.872480125E1	5.563948209E1
5.250000000E0	4.872648336E1	5.563039596E1
5.266666667E0	4.872853212E1	5.562113427E1
5.283333333E0	4.872937850E1	5.560308427E1
5.300000000E0	4.873265158E1	5.558545624E1
5.316666667E0	4.871889440E1	5.554386424E1
5.333333333E0	4.872416241E1	5.549107778E1
5.350000000E0	4.872670673E1	5.548021769E1
5.366666667E0	4.872690495E1	5.546464614E1
5.383333333E0	4.873288717E1	5.544941634E1
5.400000000E0	4.873506107E1	5.542389009E1
5.416666667E0	4.872317708E1	5.536432225E1
5.433333333E0	4.872530096E1	5.532748586E1
5.450000000E0	4.872806489E1	5.530934193E1
5.466666667E0	4.873401937E1	5.528603291E1
5.483333333E0	4.873642738E1	5.523581466E1
5.500000000E0	4.872502664E1	5.517855316E1
5.516666667E0	4.873250571E1	5.514889319E1
5.533333333E0	4.873209447E1	5.513375946E1
5.550000000E0	4.873960799E1	5.509277007E1
5.566666667E0	4.872697848E1	5.502659562E1
5.583333333E0	4.873194811E1	5.498971701E1
5.600000000E0	4.873663010E1	5.496856272E1
5.616666667E0	4.872482450E1	5.490333647E1
5.633333333E0	4.873009237E1	5.484274412E1
5.650000000E0	4.873425507E1	5.481467178E1
5.666666667E0	4.873808138E1	5.478500331E1
5.683333333E0	4.872937661E1	5.469758845E1
5.700000000E0	4.873185510E1	5.466522668E1
5.716666667E0	4.873707077E1	5.463674903E1
5.733333333E0	4.872788406E1	5.455690339E1
5.750000000E0	4.873217244E1	5.450847669E1
5.766666667E0	4.873694551E1	5.448334132E1
5.783333333E0	4.872704404E1	5.440161711E1
5.800000000E0	4.873283205E1	5.434927511E1
5.816666667E0	4.873791773E1	5.431534715E1
5.833333333E0	4.872876491E1	5.424754386E1
5.850000000E0	4.873420125E1	5.418655946E1
5.866666667E0	4.873712556E1	5.415722379E1
5.883333333E0	4.872764313E1	5.406815322E1
5.900000000E0	4.873457510E1	5.402375803E1
5.916666667E0	4.873988060E1	5.398806092E1
5.933333333E0	4.872889933E1	5.390349002E1
5.950000000E0	4.873558833E1	5.385764859E1
5.966666667E0	4.874302034E1	5.381701130E1
5.983333333E0	4.873041025E1	5.372710858E1
6.000000000E0	4.873716391E1	5.369181629E1
6.016666667E0	4.874508169E1	5.363468763E1
6.033333333E0	4.873383399E1	5.355813189E1
6.050000000E0	4.873840599E1	5.352237681E1
6.066666667E0	4.874623583E1	5.346080209E1
6.083333333E0	4.873532123E1	5.338984363E1
6.100000000E0	4.874043305E1	5.335342644E1
6.116666667E0	4.873003760E1	5.326806414E1
6.133333333E0	4.873611798E1	5.321766387E1
6.150000000E0	4.874215366E1	5.317533636E1
6.166666667E0	4.873286283E1	5.309738100E1
6.183333333E0	4.873774333E1	5.304928277E1
6.200000000E0	4.874051379E1	5.301498102E1
6.216666667E0	4.873603430E1	5.292418257E1
6.233333333E0	4.873898922E1	5.288016719E1
6.250000000E0	4.874678293E1	5.283489690E1
6.266666667E0	4.873499986E1	5.275075437E1
6.283333333E0	4.874063148E1	5.271410417E1
6.300000000E0	4.873102828E1	5.264673834E1
6.316666667E0	4.873702569E1	5.257924120E1
6.333333333E0	4.874261253E1	5.255406608E1
6.350000000E0	4.873344529E1	5.246659667E1
6.366666667E0	4.873793441E1	5.241912035E1
6.383333333E0	4.874389001E1	5.238764995E1
6.400000000E0	4.873490605E1	5.230991996E1
6.416666667E0	4.873744103E1	5.225792302E1
6.433333333E0	4.874322681E1	5.222630521E1
6.450000000E0	4.873414837E1	5.215223356E1
6.466666667E0	4.873759596E1	5.209776495E1
6.483333333E0	4.874164203E1	5.207153914E1
6.500000000E0	4.874924918E1	5.202560475E1
6.516666667E0	4.873707710E1	5.194558267E1
6.533333333E0	4.874279169E1	5.191880743E1
6.550000000E0	4.874684941E1	5.188844812E1
6.566666667E0	4.873620071E1	5.180473218E1
6.583333333E0	4.873980882E1	5.177239141E1
6.600000000E0	4.874395837E1	5.173968420E1
6.616666667E0	4.874921244E1	5.169760886E1
6.633333333E0	4.873733895E1	5.163042958E1
6.650000000E0	4.873971367E1	5.160456818E1
6.666666667E0	4.874638710E1	5.158199084E1
6.683333333E0	4.875116628E1	5.153878656E1
6.700000000E0	4.873726002E1	5.147851313E1
6.716666667E0	4.874131582E1	5.144617669E1
6.733333333E0	4.874364708E1	5.142500590E1
6.750000000E0	4.875005827E1	5.139670722E1
6.766666667E0	4.873778450E1	5.133181938E1
6.783333333E0	4.873925160E1	5.130054649E1
6.800000000E0	4.874268627E1	5.128060571E1
6.816666667E0	4.874429514E1	5.126828553E1
6.833333333E0	4.874830133E1	5.124096957E1
6.850000000E0	4.875496586E1	5.120301957E1
6.866666667E0	4.873774520E1	5.116005403E1
6.883333333E0	4.874088293E1	5.113503500E1
6.900000000E0	4.874200872E1	5.111868839E1
6.916666667E0	4.874514238E1	5.110808647E1
6.933333333E0	4.874823524E1	5.108674778E1
6.950000000E0	4.875021890E1	5.107289819E1
6.966666667E0	4.873660176E1	5.103976393E1
6.983333333E0	4.873649810E1	5.099910133E1
7.000000000E0	4.873958612E1	5.098290455E1
7.016666667E0	4.873958836E1	5.097535759E1
7.033333333E0	4.874110157E1	5.096803953E1
7.050000000E0	4.874098246E1	5.096399370E1
7.066666667E0	4.874255723E1	5.095442813E1
7.083333333E0	4.874454001E1	5.094964280E1
7.100000000E0	4.874491275E1	5.094320385E1
7.116666667E0	4.874509433E1	5.094135742E1
7.133333333E0	4.874588807E1	5.093808670E1
7.150000000E0	4.874626188E1	5.093551922E1
7.166666667E0	4.874706403E1	5.093067651E1
7.183333333E0	4.874665613E1	5.092908024E1
7.200000000E0	4.874661357E1	5.092967598E1
7.216666667E0	4.874741593E1	5.092870344E1
7.233333333E0	4.874732096E1	5.092865370E1
7.250000000E0	4.874619523E1	5.093247171E1
7.266666667E0	4.874620536E1	5.093454340E1
7.283333333E0	4.874413238E1	5.094207176E1
7.300000000E0	4.874404296E1	5.094707136E1
7.316666667E0	4.874192883E1	5.095271991E1
7.333333333E0	4.874196056E1	5.096112945E1
7.350000000E0	4.874079820E1	5.096284984E1
7.366666667E0	4.874174117E1	5.097141079E1
7.383333333E0	4.874090396E1	5.097951640E1
7.400000000E0	4.873715991E1	5.099530102E1
7.416666667E0	4.873711711E1	5.102158035E1
7.433333333E0	4.875038758E1	5.105736290E1
7.450000000E0	4.874626286E1	5.109573879E1
7.466666667E0	4.874368434E1	5.111023158E1
7.483333333E0	4.873988328E1	5.112393830E1
7.500000000E0	4.873775182E1	5.114253547E1
7.516666667E0	4.873500342E1	5.115815363E1
7.533333333E0	4.874995861E1	5.121237445E1
7.550000000E0	4.874549438E1	5.124920167E1
7.566666667E0	4.873979863E1	5.127534315E1
7.583333333E0	4.873969998E1	5.129031829E1
7.600000000E0	4.873430863E1	5.131201311E1
7.616666667E0	4.874978357E1	5.137350243E1
7.633333333E0	4.874215641E1	5.142073460E1
7.650000000E0	4.873853852E1	5.144319504E1
7.666666667E0	4.873561898E1	5.146574923E1
7.683333333E0	4.873223571E1	5.150207669E1
7.700000000E0	4.874364384E1	5.157150380E1
7.716666667E0	4.873902420E1	5.160076232E1
7.733333333E0	4.873435309E1	5.162189182E1
7.750000000E0	4.873201002E1	5.168288720E1
7.766666667E0	4.874102926E1	5.173278029E1
7.783333333E0	4.873724280E1	5.177224032E1
7.800000000E0	4.873342279E1	5.179733634E1
7.816666667E0	4.874324808E1	5.188208908E1
7.833333333E0	4.873906610E1	5.192176324E1
7.850000000E0	4.873577805E1	5.194708298E1
7.866666667E0	4.874515627E1	5.201016720E1
7.883333333E0	4.873984903E1	5.207299892E1
7.900000000E0	4.873349878E1	5.210291447E1
7.916666667E0	4.874414465E1	5.217629106E1
7.933333333E0	4.873791816E1	5.223751785E1
7.950000000E0	4.873512864E1	5.226562587E1
7.966666667E0	4.874221648E1	5.233856918E1
7.983333333E0	4.873710108E1	5.239995151E1
8.000000000E0	4.873120094E1	5.242922473E1
8.016666667E0	4.873986680E1	5.250756291E1
8.033333333E0	4.873545201E1	5.256623565E1
8.050000000E0	4.872966373E1	5.259590089E1
8.066666667E0	4.873731579E1	5.268452440E1
8.083333333E0	4.873252467E1	5.273394035E1
8.100000000E0	4.872748968E1	5.277436185E1
8.116666667E0	4.873768391E1	5.286464430E1
8.133333333E0	4.873214488E1	5.290329048E1
8.150000000E0	4.872478788E1	5.295598392E1
8.166666667E0	4.873666804E1	5.303061140E1
8.183333333E0	4.873098606E1	5.307045277E1
8.200000000E0	4.874100397E1	5.315042944E1
8.216666667E0	4.873307293E1	5.321190115E1
8.233333333E0	4.872694479E1	5.324742806E1
8.250000000E0	4.873689264E1	5.333911114E1
8.266666667E0	4.872962999E1	5.337960918E1
8.283333333E0	4.872561129E1	5.342484637E1
8.300000000E0	4.873524673E1	5.351266060E1
8.316666667E0	4.872973097E1	5.354789122E1
8.333333333E0	4.872340941E1	5.360454729E1
8.350000000E0	4.873285554E1	5.368217012E1
8.366666667E0	4.872706780E1	5.372385869E1
8.383333333E0	4.873656819E1	5.380260384E1
8.400000000E0	4.873049641E1	5.386049526E1
8.416666667E0	4.872599533E1	5.389513907E1
8.433333333E0	4.873489835E1	5.398563119E1
8.450000000E0	4.872965770E1	5.402694281E1
8.466666667E0	4.872292089E1	5.407490252E1
8.483333333E0	4.873349230E1	5.415959800E1
8.500000000E0	4.872735019E1	5.418901737E1
8.516666667E0	4.872202218E1	5.424777369E1
8.533333333E0	4.873237167E1	5.432637981E1
8.550000000E0	4.872838243E1	5.435516008E1
8.566666667E0	4.872145131E1	5.441042327E1
8.583333333E0	4.873306525E1	5.448763679E1
8.600000000E0	4.872726949E1	5.451679932E1
8.616666667E0	4.872163296E1	5.457833966E1
8.633333333E0	4.873181827E1	5.464675361E1
8.650000000E0	4.872594607E1	5.467722926E1
8.666666667E0	4.872050003E1	5.472569863E1
8.683333333E0	4.872997642E1	5.479382476E1
8.700000000E0	4.872945051E1	5.483056993E1
8.716666667E0	4.872334286E1	5.485880570E1
8.733333333E0	4.873337250E1	5.494932657E1
8.750000000E0	4.873181345E1	5.498011202E1
8.766666667E0	4.872372098E1	5.501027252E1
8.783333333E0	4.871937431E1	5.506328459E1
8.800000000E0	4.873117626E1	5.511623146E1
8.816666667E0	4.872849375E1	5.515128393E1
8.833333333E0	4.872201624E1	5.517242335E1
8.850000000E0	4.873192499E1	5.524534447E1
8.866666667E0	4.873027755E1	5.528842371E1
8.883333333E0	4.872475573E1	5.531269375E1
8.900000000E0	4.872277041E1	5.532633251E1
8.916666667E0	4.871838782E1	5.536875447E1
8.933333333E0	4.873159265E1	5.542289882E1
8.950000000E0	4.873205877E1	5.545772971E1
8.966666667E0	4.872652100E1	5.547047681E1
8.983333333E0	4.872595415E1	5.548807550E1
9.000000000E0	4.871849233E1	5.551857641E1
9.016666667E0	4.871717081E1	5.554868134E1
9.033333333E0	4.873247120E1	5.559086631E1
9.050000000E0	4.872659232E1	5.562150909E1
9.066666667E0	4.872854393E1	5.563262348E1
9.083333333E0	4.872567726E1	5.564147213E1
9.100000000E0	4.872205402E1	5.565584180E1
9.116666667E0	4.872038924E1	5.567491106E1
9.133333333E0	4.871696096E1	5.569337880E1
9.150000000E0	4.873401259E1	5.573032831E1
9.166666667E0	4.872988724E1	5.576549803E1
9.183333333E0	4.872917551E1	5.577140744E1
9.200000000E0	4.872878914E1	5.577801314E1
9.216666667E0	4.872799577E1	5.578329145E1
9.233333333E0	4.872740019E1	5.579018551E1
9.250000000E0	4.872644463E1	5.579442565E1
9.266666667E0	4.872498515E1	5.579690788E1
9.283333333E0	4.872491178E1	5.579951862E1
9.300000000E0	4.872430409E1	5.580104460E1
9.316666667E0	4.872452775E1	5.580226302E1
9.333333333E0	4.872367762E1	5.580439625E1
9.350000000E0	4.872378184E1	5.580399771E1
9.366666667E0	4.872410318E1	5.580318134E1
9.383333333E0	4.872418745E1	5.580323722E1
9.400000000E0	4.872513892E1	5.580037890E1
9.416666667E0	4.872562641E1	5.579711823E1
9.433333333E0	4.872568983E1	5.579307089E1
9.450000000E0	4.872733199E1	5.578857752E1
9.466666667E0	4.872694990E1	5.578306070E1
9.483333333E0	4.872916031E1	5.577375746E1
9.500000000E0	4.873129407E1	5.575833140E1
9.516666667E0	4.873339106E1	5.574912769E1
9.533333333E0	4.873426299E1	5.572778450E1
9.550000000E0	4.871888504E1	5.569432412E1
9.566666667E0	4.872356370E1	5.566440405E1
9.583333333E0	4.872512398E1	5.564230607E1
9.600000000E0	4.872782724E1	5.563079551E1
9.616666667E0	4.873102798E1	5.561860698E1
9.633333333E0	4.873128712E1	5.559674618E1
9.650000000E0	4.873449480E1	5.556542503E1
9.666666667E0	4.872258275E1	5.550194634E1
9.683333333E0	4.872467253E1	5.548259077E1
9.700000000E0	4.872934169E1	5.546395185E1
9.716666667E0	4.873305903E1	5.544792576E1
9.733333333E0	4.873653977E1	5.540546873E1
9.750000000E0	4.872105943E1	5.535286788E1
9.766666667E0	4.872634070E1	5.531500766E1
9.783333333E0	4.873244140E1	5.529755991E1
9.800000000E0	4.873251472E1	5.526304513E1
9.816666667E0	4.872233168E1	5.519587551E1
9.833333333E0	4.872572998E1	5.515597917E1
9.850000000E0	4.873344902E1	5.513370284E1
9.866666667E0	4.873510303E1	5.510088536E1
9.883333333E0	4.872466418E1	5.502873293E1
9.900000000E0	4.872982080E1	5.498991263E1
9.916666667E0	4.873292719E1	5.495845614E1
9.933333333E0	4.872359339E1	5.488626491E1
9.950000000E0	4.872767300E1	5.483607156E1
9.966666667E0	4.873226268E1	5.480933555E1
9.983333333E0	4.873879094E1	5.476470337E1
1.000000000E1	4.872608557E1	5.468749153E1
1.001666667E1	4.873196462E1	5.464924213E1
1.003333333E1	4.873638722E1	5.460330133E1
1.005000000E1	4.872592138E1	5.452354595E1
1.006666667E1	4.873173702E1	5.449675278E1
1.008333333E1	4.873638149E1	5.444801787E1
1.010000000E1	4.872694546E1	5.436566688E1
1.011666667E1	4.873239729E1	5.433123502E1
1.013333333E1	4.873895744E1	5.426748236E1
1.015000000E1	4.872813262E1	5.420239020E1
1.016666667E1	4.873332802E1	5.416648806E1
1.018333333E1	4.872115403E1	5.409173332E1
1.020000000E1	4.872933977E1	5.402730459E1
1.021666667E1	4.873332864E1	5.399547190E1
1.023333333E1	4.872298897E1	5.390979061E1
1.025000000E1	4.873029570E1	5.385875734E1
1.026666667E1	4.873843049E1	5.382435498E1
1.028333333E1	4.872917380E1	5.372786517E1
1.030000000E1	4.873401306E1	5.368791573E1
1.031666667E1	4.874167434E1	5.363053110E1
1.033333333E1	4.873098729E1	5.355454731E1
1.035000000E1	4.873850064E1	5.351265200E1
1.036666667E1	4.872784544E1	5.342919868E1
1.038333333E1	4.873390345E1	5.337582052E1
1.040000000E1	4.873910859E1	5.334174505E1
1.041666667E1	4.873017215E1	5.324492163E1
1.043333333E1	4.873526720E1	5.320618726E1
1.045000000E1	4.874262892E1	5.314653065E1
1.046666667E1	4.873395982E1	5.307218899E1
1.048333333E1	4.873939018E1	5.303547011E1
1.050000000E1	4.872688846E1	5.296398064E1
1.051666667E1	4.873555307E1	5.289321816E1
1.053333333E1	4.874009742E1	5.285425014E1
1.055000000E1	4.873158012E1	5.276465914E1
1.056666667E1	4.873935584E1	5.272615160E1
1.058333333E1	4.874583619E1	5.267201262E1
1.060000000E1	4.873493699E1	5.259538336E1
1.061666667E1	4.873916245E1	5.255704450E1
1.063333333E1	4.873000170E1	5.248909509E1
1.065000000E1	4.873699370E1	5.242130153E1
1.066666667E1	4.873913451E1	5.239323693E1
1.068333333E1	4.873051856E1	5.231799205E1
1.070000000E1	4.873612041E1	5.225614207E1
1.071666667E1	4.874338979E1	5.222649195E1
1.073333333E1	4.872957915E1	5.216597973E1
1.075000000E1	4.873614145E1	5.209580749E1
1.076666667E1	4.874346581E1	5.206954151E1
1.078333333E1	4.873244127E1	5.199366375E1
1.080000000E1	4.873684288E1	5.193935198E1
1.081666667E1	4.874184459E1	5.191512272E1
1.083333333E1	4.874814261E1	5.186529469E1
1.085000000E1	4.873497105E1	5.179518226E1
1.086666667E1	4.874031740E1	5.176260357E1
1.088333333E1	4.874408366E1	5.173791915E1
1.090000000E1	4.873425549E1	5.166616661E1
1.091666667E1	4.873651883E1	5.161647674E1
1.093333333E1	4.874147011E1	5.159533491E1
1.095000000E1	4.874662855E1	5.156075714E1
1.096666667E1	4.873602458E1	5.149085840E1
1.098333333E1	4.874046093E1	5.145215274E1
1.100000000E1	4.874351837E1	5.142980491E1
1.101666667E1	4.874757158E1	5.141420503E1
1.103333333E1	4.873515774E1	5.133370894E1
1.105000000E1	4.873931152E1	5.130567958E1
1.106666667E1	4.874199391E1	5.128320542E1
1.108333333E1	4.874467446E1	5.126894101E1
1.110000000E1	4.874886543E1	5.124338690E1
1.111666667E1	4.875312140E1	5.120367871E1
1.113333333E1	4.873878472E1	5.115944899E1
1.115000000E1	4.874263037E1	5.113249977E1
1.116666667E1	4.874341993E1	5.111429420E1
1.118333333E1	4.874578098E1	5.110650934E1
1.120000000E1	4.874804002E1	5.108532385E1
1.121666667E1	4.875043138E1	5.106765712E1
1.123333333E1	4.873687268E1	5.102963654E1
1.125000000E1	4.873684194E1	5.099229201E1
1.126666667E1	4.874037171E1	5.097849624E1
1.128333333E1	4.874123487E1	5.096722447E1
1.130000000E1	4.874206500E1	5.095941904E1
1.131666667E1	4.874598650E1	5.095126506E1
1.133333333E1	4.874498671E1	5.094032027E1
1.135000000E1	4.874574678E1	5.093912194E1
1.136666667E1	4.874516736E1	5.093443581E1
1.138333333E1	4.874740818E1	5.093053720E1
1.140000000E1	4.874826908E1	5.092279553E1
1.141666667E1	4.874862293E1	5.091861885E1
1.143333333E1	4.874956830E1	5.091628884E1
1.145000000E1	4.874947406E1	5.090970057E1
1.146666667E1	4.875026652E1	5.090853127E1
1.148333333E1	4.875071886E1	5.090648044E1
1.150000000E1	4.875106904E1	5.090667124E1
1.151666667E1	4.875071832E1	5.090803644E1
1.153333333E1	4.875040279E1	5.090887325E1
1.155000000E1	4.874897739E1	5.091889087E1
1.156666667E1	4.874777855E1	5.092784006E1
1.158333333E1	4.874617957E1	5.093646048E1
1.160000000E1	4.874493137E1	5.094371821E1
1.161666667E1	4.874314536E1	5.094818902E1
1.163333333E1	4.874224855E1	5.095601833E1
1.165000000E1	4.874014927E1	5.096277278E1
1.166666667E1	4.873775436E1	5.097614590E1
1.168333333E1	4.873879709E1	5.098218284E1
1.170000000E1	4.873634595E1	5.099719390E1
1.171666667E1	4.874954080E1	5.104234852E1
1.173333333E1	4.874713247E1	5.108094677E1
1.175000000E1	4.874356515E1	5.109863216E1
1.176666667E1	4.874140093E1	5.111707240E1
1.178333333E1	4.873830213E1	5.113041642E1
1.180000000E1	4.873814458E1	5.114651218E1
1.181666667E1	4.873349056E1	5.119424833E1
1.183333333E1	4.874700007E1	5.123445431E1
1.185000000E1	4.874070162E1	5.126886581E1
1.186666667E1	4.874013537E1	5.128039495E1
1.188333333E1	4.873690238E1	5.130814843E1
1.190000000E1	4.873266561E1	5.133618034E1
1.191666667E1	4.874550997E1	5.139774815E1
1.193333333E1	4.874070216E1	5.143692484E1
1.195000000E1	4.873593390E1	5.145468719E1
1.196666667E1	4.873494096E1	5.148680869E1
1.198333333E1	4.874504524E1	5.156030932E1
1.200000000E1	4.873895030E1	5.159532682E1
1.201666667E1	4.873586821E1	5.161728409E1
1.203333333E1	4.873275658E1	5.164727386E1
1.205000000E1	4.874331657E1	5.173322839E1
1.206666667E1	4.873898104E1	5.175860199E1
1.208333333E1	4.873507645E1	5.179227993E1
1.210000000E1	4.872999144E1	5.183698062E1
1.211666667E1	4.874067962E1	5.190946734E1
1.213333333E1	4.873609095E1	5.193961027E1
1.215000000E1	4.873168492E1	5.197258306E1
1.216666667E1	4.874091486E1	5.205639014E1
1.218333333E1	4.873734233E1	5.209563852E1
1.220000000E1	4.873207058E1	5.211978362E1
1.221666667E1	4.874150097E1	5.221891407E1
1.223333333E1	4.873439234E1	5.225305742E1
1.225000000E1	4.873061295E1	5.229324279E1
1.226666667E1	4.874070932E1	5.238357703E1
1.228333333E1	4.873425467E1	5.240974273E1
1.230000000E1	4.872937081E1	5.246516215E1
1.231666667E1	4.873691076E1	5.254464232E1
1.233333333E1	4.873199929E1	5.257849921E1
1.235000000E1	4.872833154E1	5.264166212E1
1.236666667E1	4.873605285E1	5.270719644E1
1.238333333E1	4.873199387E1	5.274485405E1
1.240000000E1	4.874213190E1	5.281365689E1
1.241666667E1	4.873560965E1	5.288321205E1
1.243333333E1	4.873043101E1	5.291659731E1
1.245000000E1	4.873834306E1	5.299848274E1
1.246666667E1	4.873304660E1	5.305097304E1
1.248333333E1	4.872966813E1	5.308411839E1
1.250000000E1	4.874000723E1	5.316556644E1
1.251666667E1	4.873419269E1	5.321712612E1
1.253333333E1	4.872600152E1	5.326578156E1
1.255000000E1	4.873798293E1	5.334743895E1
1.256666667E1	4.873155000E1	5.338413307E1
1.258333333E1	4.872521595E1	5.344615160E1
1.260000000E1	4.873537143E1	5.351692369E1
1.261666667E1	4.872949308E1	5.355319128E1
1.263333333E1	4.873965690E1	5.362866218E1
1.265000000E1	4.873283662E1	5.369046588E1
1.266666667E1	4.872927741E1	5.371776397E1
1.268333333E1	4.873778826E1	5.380648297E1
1.270000000E1	4.873045842E1	5.385951754E1
1.271666667E1	4.872692614E1	5.389003923E1
1.273333333E1	4.873614601E1	5.397753944E1
1.275000000E1	4.873084851E1	5.402196973E1
1.276666667E1	4.872573362E1	5.406224198E1
1.278333333E1	4.873523266E1	5.414933067E1
1.280000000E1	4.873014295E1	5.418839912E1
1.281666667E1	4.872442056E1	5.422169067E1
1.283333333E1	4.873559882E1	5.430601977E1
1.285000000E1	4.872934693E1	5.435027068E1
1.286666667E1	4.872525696E1	5.438616781E1
1.288333333E1	4.873518531E1	5.446914624E1
1.290000000E1	4.873128741E1	5.450280657E1
1.291666667E1	4.872457529E1	5.454368156E1
1.293333333E1	4.873659908E1	5.461381654E1
1.295000000E1	4.873068414E1	5.466211097E1
1.296666667E1	4.872643617E1	5.469206196E1
1.298333333E1	4.873629480E1	5.475676936E1
1.300000000E1	4.873199608E1	5.481320014E1
1.301666667E1	4.872678108E1	5.483737721E1
1.303333333E1	4.872108961E1	5.488290746E1
1.305000000E1	4.873626480E1	5.494887314E1
1.306666667E1	4.872797695E1	5.498748573E1
1.308333333E1	4.872782846E1	5.500833048E1
1.310000000E1	4.871679992E1	5.506696058E1
1.311666667E1	4.873461265E1	5.511556538E1
1.313333333E1	4.872916911E1	5.514989458E1
1.315000000E1	4.872603649E1	5.516395767E1
1.316666667E1	4.871898546E1	5.520755393E1
1.318333333E1	4.873417816E1	5.526184631E1
1.320000000E1	4.872990462E1	5.529922652E1
1.321666667E1	4.873219734E1	5.531519785E1
1.323333333E1	4.872190890E1	5.533953257E1
1.325000000E1	4.871984355E1	5.537389292E1
1.326666667E1	4.873311715E1	5.542026711E1
1.328333333E1	4.872971860E1	5.545462280E1
1.330000000E1	4.872666860E1	5.546964116E1
1.331666667E1	4.872544151E1	5.548013679E1
1.333333333E1	4.872210050E1	5.550672900E1
1.335000000E1	4.871933019E1	5.552749076E1
1.336666667E1	4.873373830E1	5.557043830E1
1.338333333E1	4.873310540E1	5.560534419E1
1.340000000E1	4.872914933E1	5.561789509E1
1.341666667E1	4.872856220E1	5.562902411E1
1.343333333E1	4.872692510E1	5.563663782E1
1.345000000E1	4.872464711E1	5.564336254E1
1.346666667E1	4.872356487E1	5.565362667E1
1.348333333E1	4.872139120E1	5.566261452E1
1.350000000E1	4.871867464E1	5.568847747E1
1.351666667E1	4.871769303E1	5.569544650E1
1.353333333E1	4.871823401E1	5.570559785E1
1.355000000E1	4.873542250E1	5.572468835E1
1.356666667E1	4.873414675E1	5.574320285E1
1.358333333E1	4.873310267E1	5.575133617E1
1.360000000E1	4.873307879E1	5.575161769E1
1.361666667E1	4.873219706E1	5.575668575E1
1.363333333E1	4.873221125E1	5.575927917E1
1.365000000E1	4.873333687E1	5.575946655E1
1.366666667E1	4.873469667E1	5.575840689E1
1.368333333E1	4.873436758E1	5.575877857E1
1.370000000E1	4.873481203E1	5.575463987E1
1.371666667E1	4.873497664E1	5.575156491E1
1.373333333E1	4.873402510E1	5.574773706E1
1.375000000E1	4.873598446E1	5.572984258E1
1.376666667E1	4.871910119E1	5.570713900E1
1.378333333E1	4.872100222E1	5.567708537E1
1.380000000E1	4.872308099E1	5.566423848E1
1.381666667E1	4.872450909E1	5.564779119E1
1.383333333E1	4.872914664E1	5.563544344E1
1.385000000E1	4.872839979E1	5.563117199E1
1.386666667E1	4.873167975E1	5.562006351E1
1.388333333E1	4.873226552E1	5.560557585E1
1.390000000E1	4.873378531E1	5.558328031E1
1.391666667E1	4.872040857E1	5.554474511E1
1.393333333E1	4.872527114E1	5.549748868E1
1.395000000E1	4.872693327E1	5.548183511E1
1.396666667E1	4.872983932E1	5.546884388E1
1.398333333E1	4.873046327E1	5.544541106E1
1.400000000E1	4.873684341E1	5.541942329E1
1.401666667E1	4.872222197E1	5.537744621E1
1.403333333E1	4.872602600E1	5.532257349E1
1.405000000E1	4.873106494E1	5.530806405E1
1.406666667E1	4.873506491E1	5.528461026E1
1.408333333E1	4.873952630E1	5.523717748E1
1.410000000E1	4.872557849E1	5.518065838E1
1.411666667E1	4.872955911E1	5.515245295E1
1.413333333E1	4.873498884E1	5.513103077E1
1.415000000E1	4.873739663E1	5.509387587E1
1.416666667E1	4.872786410E1	5.502656616E1
1.418333333E1	4.873305542E1	5.498492705E1
1.420000000E1	4.873730905E1	5.496371146E1
1.421666667E1	4.872439274E1	5.490354577E1
1.423333333E1	4.872845500E1	5.484028397E1
1.425000000E1	4.873415356E1	5.481714669E1
1.426666667E1	4.873901362E1	5.477269983E1
1.428333333E1	4.872726984E1	5.469768627E1
1.430000000E1	4.873435187E1	5.466232706E1
1.431666667E1	4.873692951E1	5.462887717E1
1.433333333E1	4.872673268E1	5.454619991E1
1.435000000E1	4.873211182E1	5.450122103E1
1.436666667E1	4.873801391E1	5.447631018E1
1.438333333E1	4.872455636E1	5.438943268E1
1.440000000E1	4.873212913E1	5.434689165E1
1.441666667E1	4.873807767E1	5.431045872E1
1.443333333E1	4.872588600E1	5.422450725E1
1.445000000E1	4.873295527E1	5.418059786E1
1.446666667E1	4.873936429E1	5.414423295E1
1.448333333E1	4.872770602E1	5.405671957E1
1.450000000E1	4.873584840E1	5.401619262E1
1.451666667E1	4.874067396E1	5.396797552E1
1.453333333E1	4.873106510E1	5.388593387E1
1.455000000E1	4.873563792E1	5.384926585E1
1.456666667E1	4.874283223E1	5.378487849E1
1.458333333E1	4.873374538E1	5.371386100E1
1.460000000E1	4.873920242E1	5.367706381E1
1.461666667E1	4.872828315E1	5.360342260E1
1.463333333E1	4.873456598E1	5.353940364E1
1.465000000E1	4.874124001E1	5.350090887E1
1.466666667E1	4.873298933E1	5.342056228E1
1.468333333E1	4.873813594E1	5.336991261E1
1.470000000E1	4.874395271E1	5.333154187E1
1.471666667E1	4.873405873E1	5.323800489E1
1.473333333E1	4.873916711E1	5.320119162E1
1.475000000E1	4.872985538E1	5.313235621E1
1.476666667E1	4.873524085E1	5.306220073E1
1.478333333E1	4.874386520E1	5.302905610E1
1.480000000E1	4.873148880E1	5.294270044E1
1.481666667E1	4.873736626E1	5.289436503E1
1.483333333E1	4.874241530E1	5.286083085E1
1.485000000E1	4.873329534E1	5.276027768E1
1.486666667E1	4.874069294E1	5.272549225E1
1.488333333E1	4.874325317E1	5.268100976E1
1.490000000E1	4.873449327E1	5.259227130E1
1.491666667E1	4.874261336E1	5.255850869E1
1.493333333E1	4.874755526E1	5.249479441E1
1.495000000E1	4.873725675E1	5.242812416E1
1.496666667E1	4.874144999E1	5.239408347E1
1.498333333E1	4.873200943E1	5.232116762E1
1.500000000E1	4.873716480E1	5.226091396E1
1.501666667E1	4.874104458E1	5.222895647E1
1.503333333E1	4.874882154E1	5.217500450E1
1.505000000E1	4.873615213E1	5.210335215E1
1.506666667E1	4.874146715E1	5.207485041E1
1.508333333E1	4.874971255E1	5.201931475E1
1.510000000E1	4.873735751E1	5.194722566E1
1.511666667E1	4.874256864E1	5.192175017E1
1.513333333E1	4.874548560E1	5.188130862E1
1.515000000E1	4.873551157E1	5.180409907E1
1.516666667E1	4.873886868E1	5.176863456E1
1.518333333E1	4.874478275E1	5.173803798E1
1.520000000E1	4.875008170E1	5.170254206E1
1.521666667E1	4.873691231E1	5.162848780E1
1.523333333E1	4.873943023E1	5.160297142E1
1.525000000E1	4.874513361E1	5.157364477E1
1.526666667E1	4.873389136E1	5.151698242E1
1.528333333E1	4.873684117E1	5.147502174E1
1.530000000E1	4.874188957E1	5.143772823E1
1.531666667E1	4.874428842E1	5.142610265E1
1.533333333E1	4.875045195E1	5.138552235E1
1.535000000E1	4.873642056E1	5.133469949E1
1.536666667E1	4.873951390E1	5.129593662E1
1.538333333E1	4.874101196E1	5.128063632E1
1.540000000E1	4.874355790E1	5.126430054E1
1.541666667E1	4.875064910E1	5.123650091E1
1.543333333E1	4.873443236E1	5.118698657E1
1.545000000E1	4.873721998E1	5.115195214E1
1.546666667E1	4.874060446E1	5.113009313E1
1.548333333E1	4.874165800E1	5.111986075E1
1.550000000E1	4.874477501E1	5.110613664E1
1.551666667E1	4.874662763E1	5.109245410E1
1.553333333E1	4.874900377E1	5.107648229E1
1.555000000E1	4.875046421E1	5.104652483E1
1.556666667E1	4.873618102E1	5.101668007E1
1.558333333E1	4.873646879E1	5.099355838E1
1.560000000E1	4.873849027E1	5.097942917E1
1.561666667E1	4.873982760E1	5.097224156E1
1.563333333E1	4.874041867E1	5.096477643E1
1.565000000E1	4.874078663E1	5.096134674E1
1.566666667E1	4.874331318E1	5.095267798E1
1.568333333E1	4.874257199E1	5.095167793E1
1.570000000E1	4.874402561E1	5.094886498E1
1.571666667E1	4.874417227E1	5.094546414E1
1.573333333E1	4.874444084E1	5.094519123E1
1.575000000E1	4.874472810E1	5.094477561E1
1.576666667E1	4.874454397E1	5.094422263E1
1.578333333E1	4.874546459E1	5.094511112E1
1.580000000E1	4.874449266E1	5.094628150E1
1.581666667E1	4.874492514E1	5.094769358E1
1.583333333E1	4.874293512E1	5.095445927E1
1.585000000E1	4.874234952E1	5.095516973E1
1.586666667E1	4.874068273E1	5.095912716E1
1.588333333E1	4.874016364E1	5.096337777E1
1.590000000E1	4.873996967E1	5.097204073E1
1.591666667E1	4.873814014E1	5.097933079E1
1.593333333E1	4.873716535E1	5.099276069E1
1.595000000E1	4.873686043E1	5.101434133E1
1.596666667E1	4.873607559E1	5.103322643E1
1.598333333E1	4.874714963E1	5.107903970E1
1.600000000E1	4.874482832E1	5.110590906E1
1.601666667E1	4.874281602E1	5.111470403E1
1.603333333E1	4.874239272E1	5.112777789E1
1.605000000E1	4.873883708E1	5.114551041E1
1.606666667E1	4.873838069E1	5.116810676E1
1.608333333E1	4.875242073E1	5.121741109E1
1.610000000E1	4.874626536E1	5.125971410E1
1.611666667E1	4.874107164E1	5.127933749E1
1.613333333E1	4.874062247E1	5.128982256E1
1.615000000E1	4.873683055E1	5.132337158E1
1.616666667E1	4.874940023E1	5.137130987E1
1.618333333E1	4.874435040E1	5.141832571E1
1.620000000E1	4.874040882E1	5.144626730E1
1.621666667E1	4.873686149E1	5.146324437E1
1.623333333E1	4.873518863E1	5.152183951E1
1.625000000E1	4.874558769E1	5.156662595E1
1.626666667E1	4.873960881E1	5.160452891E1
1.628333333E1	4.873738837E1	5.162345866E1
1.630000000E1	4.874770866E1	5.168443306E1
1.631666667E1	4.874410485E1	5.174496701E1
1.633333333E1	4.873836344E1	5.177017520E1
1.635000000E1	4.873453215E1	5.179834090E1
1.636666667E1	4.874587732E1	5.188067801E1
1.638333333E1	4.874038750E1	5.191958728E1
1.640000000E1	4.873494660E1	5.195312743E1
1.641666667E1	4.873184187E1	5.200655447E1
1.643333333E1	4.873998516E1	5.207262253E1
1.645000000E1	4.873766257E1	5.210184257E1
1.646666667E1	4.873220571E1	5.214550806E1
1.648333333E1	4.874064860E1	5.222786999E1
1.650000000E1	4.873581323E1	5.225851057E1
1.651666667E1	4.873136980E1	5.231977564E1
1.653333333E1	4.874056826E1	5.238962242E1
1.655000000E1	4.873272681E1	5.242254866E1
1.656666667E1	4.873113702E1	5.248453628E1
1.658333333E1	4.873861600E1	5.255215725E1
1.660000000E1	4.873321597E1	5.259071006E1
1.661666667E1	4.874415736E1	5.266556206E1
1.663333333E1	4.873700851E1	5.272098516E1
1.665000000E1	4.873459333E1	5.275304242E1
1.666666667E1	4.874298856E1	5.282884015E1
1.668333333E1	4.873479946E1	5.289324050E1
1.670000000E1	4.872852642E1	5.292726459E1
1.671666667E1	4.874059802E1	5.301110930E1
1.673333333E1	4.873648985E1	5.305592575E1
1.675000000E1	4.873103017E1	5.310503496E1
1.676666667E1	4.873719809E1	5.318633170E1
1.678333333E1	4.873302021E1	5.322611849E1
1.680000000E1	4.872422123E1	5.327596441E1
1.681666667E1	4.873647888E1	5.335803552E1
1.683333333E1	4.873086743E1	5.338797354E1
1.685000000E1	4.874015972E1	5.347094368E1
1.686666667E1	4.873389591E1	5.352984149E1
1.688333333E1	4.872808288E1	5.356027236E1
1.690000000E1	4.874027026E1	5.364334152E1
1.691666667E1	4.873258379E1	5.369248740E1
1.693333333E1	4.872677016E1	5.373026447E1
1.695000000E1	4.873897042E1	5.381763312E1
1.696666667E1	4.873154792E1	5.386218089E1
1.698333333E1	4.872737704E1	5.390178350E1
1.700000000E1	4.873604529E1	5.397699753E1
1.701666667E1	4.873137501E1	5.402625381E1
1.703333333E1	4.872454852E1	5.406276214E1
1.705000000E1	4.873632520E1	5.415166682E1
1.706666667E1	4.873026822E1	5.418834506E1
1.708333333E1	4.872608073E1	5.421797962E1
1.710000000E1	4.873449107E1	5.431459752E1
1.711666667E1	4.873038237E1	5.434732535E1
1.713333333E1	4.872577772E1	5.437541006E1
1.715000000E1	4.873584980E1	5.447036962E1
1.716666667E1	4.873007077E1	5.450184400E1
1.718333333E1	4.872663568E1	5.453583688E1
1.720000000E1	4.873652786E1	5.460524011E1
1.721666667E1	4.873160447E1	5.465447079E1
1.723333333E1	4.872634663E1	5.468734330E1
1.725000000E1	4.872158873E1	5.472148811E1
1.726666667E1	4.873448755E1	5.480092745E1
1.728333333E1	4.872933489E1	5.482879357E1
1.730000000E1	4.872373544E1	5.485998292E1
1.731666667E1	4.873906957E1	5.492698108E1
1.733333333E1	4.873160723E1	5.497310474E1
1.735000000E1	4.872979264E1	5.499847222E1
1.736666667E1	4.872164661E1	5.502813104E1
1.738333333E1	4.873704858E1	5.507439311E1
1.740000000E1	4.873046903E1	5.513590130E1
1.741666667E1	4.872772742E1	5.514954164E1
1.743333333E1	4.872263502E1	5.518102316E1
1.745000000E1	4.871999889E1	5.520618114E1
1.746666667E1	4.873313330E1	5.527411221E1
1.748333333E1	4.873093892E1	5.530135029E1
1.750000000E1	4.872650894E1	5.531743940E1
1.751666667E1	4.872237568E1	5.533464326E1
1.753333333E1	4.871735765E1	5.535898246E1
1.755000000E1	4.873510487E1	5.541410059E1
1.756666667E1	4.873135091E1	5.544966144E1
1.758333333E1	4.872877978E1	5.545873901E1
1.760000000E1	4.872662490E1	5.547734517E1
1.761666667E1	4.872541757E1	5.548510258E1
1.763333333E1	4.872221534E1	5.550299566E1
1.765000000E1	4.871885115E1	5.552275779E1
1.766666667E1	4.873385924E1	5.556928619E1
1.768333333E1	4.873308252E1	5.559256591E1
1.770000000E1	4.873151204E1	5.560751721E1
1.771666667E1	4.872991736E1	5.561358694E1
1.773333333E1	4.872875657E1	5.562521072E1
1.775000000E1	4.872580873E1	5.563150367E1
1.776666667E1	4.872630198E1	5.563748481E1
1.778333333E1	4.872527500E1	5.564254483E1
1.780000000E1	4.872368423E1	5.564932492E1
1.781666667E1	4.872459668E1	5.565259641E1
1.783333333E1	4.872257727E1	5.566144096E1
1.785000000E1	4.872280176E1	5.566064119E1
1.786666667E1	4.872232860E1	5.566278131E1
1.788333333E1	4.872195773E1	5.566349744E1
1.790000000E1	4.872098863E1	5.566560406E1
1.791666667E1	4.872055876E1	5.566577729E1
1.793333333E1	4.872036480E1	5.566565939E1
1.795000000E1	4.872083345E1	5.566112072E1
1.796666667E1	4.872219529E1	5.565835704E1
1.798333333E1	4.872295813E1	5.565541004E1
1.800000000E1	4.872451203E1	5.564453523E1
1.801666667E1	4.872579583E1	5.564182196E1
1.803333333E1	4.872678590E1	5.563771626E1
1.805000000E1	4.872792227E1	5.562903638E1
1.806666667E1	4.872901884E1	5.562483694E1
1.808333333E1	4.872962431E1	5.561302387E1
1.810000000E1	4.873156381E1	5.560143411E1
1.811666667E1	4.873329551E1	5.558415045E1
1.813333333E1	4.871807342E1	5.554630181E1
1.815000000E1	4.872231973E1	5.550610878E1
1.816666667E1	4.872552041E1	5.548203161E1
1.818333333E1	4.872756317E1	5.547681851E1
1.820000000E1	4.872741818E1	5.546325093E1
1.821666667E1	4.872914764E1	5.545100480E1
1.823333333E1	4.873652127E1	5.541285315E1
1.825000000E1	4.871833128E1	5.538070243E1
1.826666667E1	4.872789309E1	5.532889228E1
1.828333333E1	4.872767002E1	5.531363194E1
1.830000000E1	4.873079403E1	5.529442449E1
1.831666667E1	4.873621539E1	5.526921436E1
1.833333333E1	4.872179032E1	5.519792281E1
1.835000000E1	4.872631457E1	5.516843951E1
1.836666667E1	4.873026348E1	5.514310994E1
1.838333333E1	4.873191347E1	5.512601559E1
1.840000000E1	4.873980717E1	5.506982819E1
1.841666667E1	4.872484656E1	5.502218332E1
1.843333333E1	4.873150555E1	5.498594310E1
1.845000000E1	4.873172132E1	5.496181016E1
1.846666667E1	4.872392337E1	5.489695810E1
1.848333333E1	4.872737449E1	5.484035747E1
1.850000000E1	4.873150799E1	5.481882076E1
1.851666667E1	4.873740249E1	5.478071816E1
1.853333333E1	4.872395879E1	5.471734070E1
1.855000000E1	4.873148663E1	5.466622907E1
1.856666667E1	4.873501750E1	5.464542436E1
1.858333333E1	4.872372935E1	5.456762170E1
1.860000000E1	4.872801192E1	5.451663209E1
1.861666667E1	4.873474074E1	5.448894975E1
1.863333333E1	4.873965570E1	5.444055026E1
1.865000000E1	4.872840150E1	5.436328492E1
1.866666667E1	4.873406148E1	5.433159960E1
1.868333333E1	4.873872301E1	5.427020038E1
1.870000000E1	4.872868643E1	5.420109419E1
1.871666667E1	4.873395652E1	5.417292213E1
1.873333333E1	4.874038598E1	5.411072167E1
1.875000000E1	4.873057407E1	5.403897405E1
1.876666667E1	4.873526754E1	5.401330851E1
1.878333333E1	4.873968898E1	5.394637863E1
1.880000000E1	4.873053832E1	5.387832490E1
1.881666667E1	4.873612502E1	5.384158058E1
1.883333333E1	4.872452237E1	5.377709314E1
1.885000000E1	4.873207067E1	5.370470077E1
1.886666667E1	4.873769226E1	5.366892222E1
1.888333333E1	4.872820891E1	5.359275449E1
1.890000000E1	4.873431466E1	5.353717714E1
1.891666667E1	4.874210018E1	5.350119598E1
1.893333333E1	4.873108751E1	5.340785481E1
1.895000000E1	4.873478669E1	5.337265198E1
1.896666667E1	4.874297913E1	5.332383484E1
1.898333333E1	4.873192073E1	5.323735011E1
1.900000000E1	4.873734736E1	5.320448525E1
1.901666667E1	4.872824676E1	5.313158177E1
1.903333333E1	4.873209851E1	5.306838686E1
1.905000000E1	4.873966894E1	5.303555536E1
1.906666667E1	4.872894707E1	5.295853453E1
1.908333333E1	4.873515605E1	5.289866810E1
1.910000000E1	4.874223583E1	5.286881197E1
1.911666667E1	4.873157802E1	5.277468652E1
1.913333333E1	4.873719698E1	5.273184706E1
1.915000000E1	4.874331770E1	5.268881538E1
1.916666667E1	4.873156105E1	5.261312560E1
1.918333333E1	4.873815913E1	5.256520177E1
1.920000000E1	4.874465685E1	5.251774045E1
1.921666667E1	4.873730820E1	5.244228829E1
1.923333333E1	4.873893150E1	5.240198392E1
1.925000000E1	4.874432120E1	5.235722555E1
1.926666667E1	4.873587378E1	5.227851434E1
1.928333333E1	4.873942600E1	5.223941047E1
1.930000000E1	4.874418126E1	5.219515609E1
1.931666667E1	4.873428906E1	5.211690956E1
1.933333333E1	4.873963431E1	5.208202508E1
1.935000000E1	4.874680463E1	5.204092042E1
1.936666667E1	4.873234354E1	5.196942940E1
1.938333333E1	4.874023285E1	5.192826569E1
1.940000000E1	4.874396258E1	5.189639664E1
1.941666667E1	4.873459586E1	5.183495920E1
1.943333333E1	4.873720838E1	5.177547933E1
1.945000000E1	4.874316724E1	5.174933223E1
1.946666667E1	4.874615514E1	5.172085077E1
1.948333333E1	4.873536713E1	5.163476982E1
1.950000000E1	4.873948179E1	5.160787506E1
1.951666667E1	4.874490144E1	5.158138997E1
1.953333333E1	4.875293907E1	5.153403551E1
1.955000000E1	4.873676175E1	5.147946523E1
1.956666667E1	4.874089655E1	5.144746808E1
1.958333333E1	4.874537216E1	5.143088660E1
1.960000000E1	4.874883106E1	5.139784829E1
1.961666667E1	4.873581467E1	5.133020552E1
1.963333333E1	4.874007913E1	5.129695320E1
1.965000000E1	4.874079251E1	5.128035868E1
1.966666667E1	4.874503861E1	5.125628090E1
1.968333333E1	4.874850605E1	5.123868832E1
1.970000000E1	4.873629115E1	5.118174588E1
1.971666667E1	4.874018081E1	5.114796544E1
1.973333333E1	4.874033709E1	5.112570879E1
1.975000000E1	4.874308336E1	5.111414772E1
1.976666667E1	4.874554526E1	5.109994271E1
1.978333333E1	4.874773388E1	5.107747613E1
1.980000000E1	4.875082117E1	5.105454660E1
1.981666667E1	4.873478502E1	5.101557612E1
1.983333333E1	4.873882035E1	5.098160936E1
1.985000000E1	4.874016437E1	5.097795099E1
1.986666667E1	4.874085654E1	5.096772307E1
1.988333333E1	4.874139130E1	5.096121554E1
1.990000000E1	4.874227531E1	5.095529181E1
1.991666667E1	4.874383206E1	5.094800315E1
1.993333333E1	4.874495525E1	5.094059533E1
1.995000000E1	4.874519451E1	5.093761461E1
1.996666667E1	4.874560578E1	5.093141657E1
1.998333333E1	4.874723972E1	5.092680832E1
