mass_A
t	x	y
0.000000000E0	4.895674490E1	3.643722324E1
1.666666667E-2	4.895564687E1	3.660841239E1
3.333333333E-2	4.895197726E1	3.681117038E1
5.000000000E-2	4.895826303E1	3.705549800E1
6.666666667E-2	4.895455076E1	3.725295988E1
8.333333333E-2	4.895714680E1	3.751137681E1
1.000000000E-1	4.895342437E1	3.773774062E1
1.166666667E-1	4.895564158E1	3.802590062E1
1.333333333E-1	4.895648390E1	3.829620929E1
1.500000000E-1	4.894908425E1	3.856339792E1
1.666666667E-1	4.894784557E1	3.886485359E1
1.833333333E-1	4.894963579E1	3.918103419E1
2.000000000E-1	4.894912075E1	3.950311151E1
2.166666667E-1	4.894765082E1	3.983158655E1
2.333333333E-1	4.894362383E1	4.017053111E1
2.500000000E-1	4.894040281E1	4.052802256E1
2.666666667E-1	4.895024012E1	4.090765139E1
2.833333333E-1	4.894633691E1	4.126471593E1
3.000000000E-1	4.894129904E1	4.163180354E1
3.166666667E-1	4.894653628E1	4.204699964E1
3.333333333E-1	4.893989984E1	4.242319280E1
3.500000000E-1	4.894566633E1	4.285663639E1
3.666666667E-1	4.893621098E1	4.323822300E1
3.833333333E-1	4.894239907E1	4.367217207E1
4.000000000E-1	4.893168588E1	4.408386018E1
4.166666667E-1	4.893751463E1	4.450222437E1
4.333333333E-1	4.894178513E1	4.496783074E1
4.500000000E-1	4.894268057E1	4.540207101E1
4.666666667E-1	4.893214881E1	4.583443637E1
4.833333333E-1	4.893551605E1	4.628141643E1
5.000000000E-1	4.893430035E1	4.674690833E1
5.166666667E-1	4.893502696E1	4.721807906E1
5.333333333E-1	4.893233295E1	4.768652439E1
5.500000000E-1	4.893758920E1	4.815054102E1
5.666666667E-1	4.892295050E1	4.858371948E1
5.833333333E-1	4.892433146E1	4.904904890E1
6.000000000E-1	4.892630813E1	4.952472363E1
6.166666667E-1	4.892648748E1	4.999465900E1
6.333333333E-1	4.892908810E1	5.046542065E1
6.500000000E-1	4.893115997E1	5.093120273E1
6.666666667E-1	4.892901552E1	5.140492288E1
6.833333333E-1	4.893105354E1	5.188305182E1
7.000000000E-1	4.893085879E1	5.235493694E1
7.166666667E-1	4.893307066E1	5.282275459E1
7.333333333E-1	4.891753471E1	5.325650054E1
7.500000000E-1	4.892118705E1	5.370809016E1
7.666666667E-1	4.892664655E1	5.416554694E1
7.833333333E-1	4.892489593E1	5.463112558E1
8.000000000E-1	4.892592813E1	5.508209032E1
8.166666667E-1	4.891258385E1	5.550100328E1
8.333333333E-1	4.891895125E1	5.594729250E1
8.500000000E-1	4.892490898E1	5.639482051E1
8.666666667E-1	4.892916529E1	5.681721279E1
8.833333333E-1	4.891903198E1	5.723759860E1
9.000000000E-1	4.892955198E1	5.765481458E1
9.166666667E-1	4.891966554E1	5.804975567E1
9.333333333E-1	4.892876257E1	5.847469487E1
9.500000000E-1	4.891386756E1	5.886222194E1
9.666666667E-1	4.892673757E1	5.927909404E1
9.833333333E-1	4.891991069E1	5.964773104E1
1.000000000E0	4.890929585E1	6.000600741E1
1.016666667E0	4.892825685E1	6.039170674E1
1.033333333E0	4.892546195E1	6.073748859E1
1.050000000E0	4.892053874E1	6.108292116E1
1.066666667E0	4.891917284E1	6.141932722E1
1.083333333E0	4.891790063E1	6.174743010E1
1.100000000E0	4.891800424E1	6.207126043E1
1.116666667E0	4.892020613E1	6.238307968E1
1.133333333E0	4.892560900E1	6.269145173E1
1.150000000E0	4.892540622E1	6.298774602E1
1.166666667E0	4.890730228E1	6.325788660E1
1.183333333E0	4.892054480E1	6.351568854E1
1.200000000E0	4.892724170E1	6.379891518E1
1.216666667E0	4.891450467E1	6.403691298E1
1.233333333E0	4.892627323E1	6.429001980E1
1.250000000E0	4.891651823E1	6.450862902E1
1.266666667E0	4.892886029E1	6.474155578E1
1.283333333E0	4.892734390E1	6.494477467E1
1.300000000E0	4.892003025E1	6.512669093E1
1.316666667E0	4.892019784E1	6.530962039E1
1.333333333E0	4.891560454E1	6.548571382E1
1.350000000E0	4.891640400E1	6.564851537E1
1.366666667E0	4.891949498E1	6.580268264E1
1.383333333E0	4.892219854E1	6.595257195E1
1.400000000E0	4.892581578E1	6.609301855E1
1.416666667E0	4.893229041E1	6.623171927E1
1.433333333E0	4.893721353E1	6.635428718E1
1.450000000E0	4.892652753E1	6.643660920E1
1.466666667E0	4.893461557E1	6.655297959E1
1.483333333E0	4.892626887E1	6.661031817E1
1.500000000E0	4.893685614E1	6.670662844E1
1.516666667E0	4.892950716E1	6.674866110E1
1.533333333E0	4.893972969E1	6.680995044E1
1.550000000E0	4.893852394E1	6.686337734E1
1.566666667E0	4.893578400E1	6.688347000E1
1.583333333E0	4.893440359E1	6.689996587E1
1.600000000E0	4.893423213E1	6.690856142E1
1.616666667E0	4.893321787E1	6.691090032E1
1.633333333E0	4.893326063E1	6.691213023E1
1.650000000E0	4.893446756E1	6.690570896E1
1.666666667E0	4.893754147E1	6.688954949E1
1.683333333E0	4.893957189E1	6.687277425E1
1.700000000E0	4.894305361E1	6.682780054E1
1.716666667E0	4.893230439E1	6.677329067E1
1.733333333E0	4.894077129E1	6.672352252E1
1.750000000E0	4.894765156E1	6.667442464E1
1.766666667E0	4.894030288E1	6.658448274E1
1.783333333E0	4.894623701E1	6.653209762E1
1.800000000E0	4.894021664E1	6.642645035E1
1.816666667E0	4.894781042E1	6.635721485E1
1.833333333E0	4.894534012E1	6.624089142E1
1.850000000E0	4.893897058E1	6.612345436E1
1.866666667E0	4.894724091E1	6.602294722E1
1.883333333E0	4.894613541E1	6.591391664E1
1.900000000E0	4.894561825E1	6.576490860E1
1.916666667E0	4.894151583E1	6.563180458E1
1.933333333E0	4.893708822E1	6.551111985E1
1.950000000E0	4.895112207E1	6.537139994E1
1.966666667E0	4.895065580E1	6.524020684E1
1.983333333E0	4.894860906E1	6.508600928E1
2.000000000E0	4.895022098E1	6.493432097E1
2.016666667E0	4.895046871E1	6.477485378E1
2.033333333E0	4.894971475E1	6.461304284E1
2.050000000E0	4.894991752E1	6.445497995E1
2.066666667E0	4.895014400E1	6.428913581E1
2.083333333E0	4.895159831E1	6.412262740E1
2.100000000E0	4.895330208E1	6.393981760E1
2.116666667E0	4.894332932E1	6.371702481E1
2.133333333E0	4.894674162E1	6.352574768E1
2.150000000E0	4.895202314E1	6.334039633E1
2.166666667E0	4.895388094E1	6.316548705E1
2.183333333E0	4.895479324E1	6.296294206E1
2.200000000E0	4.894631371E1	6.275091437E1
2.216666667E0	4.895014038E1	6.254704752E1
2.233333333E0	4.895251399E1	6.237114877E1
2.250000000E0	4.895385951E1	6.218238447E1
2.266666667E0	4.894480651E1	6.195877007E1
2.283333333E0	4.895072611E1	6.173911610E1
2.300000000E0	4.895592330E1	6.155167669E1
2.316666667E0	4.894486934E1	6.131136438E1
2.333333333E0	4.895095448E1	6.109329980E1
2.350000000E0	4.895469111E1	6.089860093E1
2.366666667E0	4.894877431E1	6.065007818E1
2.383333333E0	4.895471822E1	6.044448796E1
2.400000000E0	4.895703476E1	6.025174106E1
2.416666667E0	4.895043870E1	6.000093123E1
2.433333333E0	4.895378043E1	5.979733112E1
2.450000000E0	4.895778547E1	5.959658060E1
2.466666667E0	4.895056287E1	5.934336110E1
2.483333333E0	4.895724608E1	5.914019935E1
2.500000000E0	4.894949810E1	5.890180368E1
2.516666667E0	4.895556016E1	5.867108990E1
2.533333333E0	4.896070602E1	5.845908793E1
2.550000000E0	4.895358267E1	5.820384859E1
2.566666667E0	4.895931201E1	5.800306034E1
2.583333333E0	4.895295329E1	5.775093895E1
2.600000000E0	4.895686673E1	5.753830158E1
2.616666667E0	4.896237280E1	5.732191015E1
2.633333333E0	4.895549824E1	5.707332934E1
2.650000000E0	4.896021973E1	5.687077488E1
2.666666667E0	4.895461018E1	5.661358345E1
2.683333333E0	4.896147491E1	5.639959546E1
2.700000000E0	4.895488226E1	5.613992290E1
2.716666667E0	4.895979612E1	5.592780628E1
2.733333333E0	4.895288075E1	5.568731506E1
2.750000000E0	4.895988082E1	5.545115386E1
2.766666667E0	4.896524862E1	5.524109857E1
2.783333333E0	4.895770678E1	5.498233578E1
2.800000000E0	4.896281915E1	5.477879376E1
2.816666667E0	4.895589502E1	5.451051118E1
2.833333333E0	4.896578723E1	5.430311721E1
2.850000000E0	4.895899554E1	5.403806574E1
2.866666667E0	4.896411545E1	5.382273194E1
2.883333333E0	4.896049078E1	5.355487466E1
2.900000000E0	4.896496167E1	5.333929102E1
2.916666667E0	4.895963444E1	5.307978469E1
2.933333333E0	4.896522391E1	5.286008641E1
2.950000000E0	4.896041866E1	5.260783281E1
2.966666667E0	4.896540955E1	5.237918992E1
2.983333333E0	4.895963572E1	5.212779944E1
3.000000000E0	4.896737794E1	5.189431214E1
3.016666667E0	4.896193181E1	5.162586703E1
3.033333333E0	4.896974229E1	5.140608658E1
3.050000000E0	4.896435626E1	5.113370306E1
3.066666667E0	4.896979708E1	5.091456169E1
3.083333333E0	4.896416368E1	5.064646373E1
3.100000000E0	4.897099834E1	5.043105454E1
3.116666667E0	4.896543960E1	5.016322830E1
3.133333333E0	4.897302738E1	4.994263783E1
3.150000000E0	4.896719440E1	4.966800331E1
3.166666667E0	4.897925107E1	4.943339495E1
3.183333333E0	4.897021369E1	4.917151123E1
3.200000000E0	4.898188530E1	4.892703959E1
3.216666667E0	4.897325623E1	4.868047409E1
3.233333333E0	4.896742718E1	4.841552415E1
3.250000000E0	4.897499808E1	4.818566016E1
3.266666667E0	4.896883892E1	4.792054968E1
3.283333333E0	4.897555129E1	4.769531451E1
3.300000000E0	4.897142152E1	4.742288981E1
3.316666667E0	4.898035179E1	4.719365102E1
3.333333333E0	4.897553778E1	4.691955651E1
3.350000000E0	4.898491212E1	4.667723569E1
3.366666667E0	4.897777944E1	4.642721097E1
3.383333333E0	4.897310843E1	4.617405371E1
3.400000000E0	4.898006473E1	4.593244403E1
3.416666667E0	4.897471512E1	4.568566694E1
3.433333333E0	4.898065320E1	4.544791770E1
3.450000000E0	4.897499540E1	4.518984437E1
3.466666667E0	4.898203312E1	4.496401096E1
3.483333333E0	4.897745139E1	4.469955371E1
3.500000000E0	4.899034767E1	4.447091749E1
3.516666667E0	4.898086962E1	4.420959783E1
3.533333333E0	4.898676965E1	4.399183711E1
3.550000000E0	4.897841866E1	4.373741606E1
3.566666667E0	4.898706035E1	4.351860464E1
3.583333333E0	4.899777631E1	4.328691626E1
3.600000000E0	4.898365056E1	4.305934282E1
3.616666667E0	4.899464407E1	4.285579628E1
3.633333333E0	4.898220313E1	4.261162492E1
3.650000000E0	4.898737473E1	4.239805350E1
3.666666667E0	4.899747421E1	4.219765261E1
3.683333333E0	4.898489340E1	4.195787850E1
3.700000000E0	4.898868987E1	4.176110450E1
3.716666667E0	4.899304362E1	4.156751999E1
3.733333333E0	4.899660960E1	4.136991899E1
3.750000000E0	4.898880336E1	4.116302105E1
3.766666667E0	4.898672324E1	4.097426390E1
3.783333333E0	4.899103220E1	4.079880392E1
3.800000000E0	4.899337722E1	4.062787118E1
3.816666667E0	4.899263452E1	4.046035552E1
3.833333333E0	4.899313262E1	4.029272526E1
3.850000000E0	4.899090792E1	4.013094007E1
3.866666667E0	4.899317124E1	3.997372405E1
3.883333333E0	4.899049387E1	3.981727591E1
3.900000000E0	4.898833954E1	3.966422678E1
3.916666667E0	4.898623633E1	3.953243534E1
3.933333333E0	4.898184459E1	3.939125862E1
3.950000000E0	4.899329182E1	3.930007313E1
3.966666667E0	4.898797335E1	3.917703781E1
3.983333333E0	4.898303680E1	3.905968281E1
4.000000000E0	4.899234884E1	3.897554601E1
4.016666667E0	4.898337574E1	3.887319473E1
4.033333333E0	4.898783944E1	3.881051711E1
4.050000000E0	4.898086342E1	3.871820511E1
4.066666667E0	4.898476578E1	3.867116521E1
4.083333333E0	4.897953412E1	3.860195798E1
4.100000000E0	4.898161954E1	3.855000099E1
4.116666667E0	4.898313781E1	3.852974897E1
4.133333333E0	4.898487346E1	3.851307387E1
4.150000000E0	4.898462226E1	3.850285709E1
4.166666667E0	4.898701682E1	3.849281355E1
4.183333333E0	4.898552781E1	3.849455443E1
4.200000000E0	4.898432415E1	3.850545210E1
4.216666667E0	4.897966767E1	3.851997841E1
4.233333333E0	4.897494637E1	3.854911865E1
4.250000000E0	4.897502140E1	3.858791285E1
4.266666667E0	4.897814859E1	3.866550442E1
4.283333333E0	4.897423382E1	3.871364093E1
4.300000000E0	4.897913247E1	3.881043323E1
4.316666667E0	4.897299591E1	3.887476751E1
4.333333333E0	4.897601597E1	3.899561174E1
4.350000000E0	4.896965289E1	3.909371004E1
4.366666667E0	4.897509416E1	3.920360568E1
4.383333333E0	4.896904749E1	3.934284570E1
4.400000000E0	4.897049355E1	3.950036285E1
4.416666667E0	4.897216037E1	3.965812544E1
4.433333333E0	4.896916681E1	3.982253351E1
4.450000000E0	4.896825470E1	3.999417436E1
4.466666667E0	4.896302967E1	4.018619428E1
4.483333333E0	4.897316118E1	4.041964150E1
4.500000000E0	4.896730797E1	4.061790093E1
4.516666667E0	4.896267813E1	4.082397880E1
4.533333333E0	4.896922645E1	4.108236185E1
4.550000000E0	4.896302706E1	4.129649128E1
4.566666667E0	4.896762609E1	4.157505138E1
4.583333333E0	4.896936236E1	4.183875083E1
4.600000000E0	4.896089903E1	4.210457236E1
4.616666667E0	4.896197013E1	4.240817735E1
4.633333333E0	4.896102152E1	4.272068498E1
4.650000000E0	4.896159937E1	4.303737111E1
4.666666667E0	4.896167308E1	4.335142820E1
4.683333333E0	4.895971986E1	4.367599657E1
4.700000000E0	4.895898496E1	4.400642976E1
4.716666667E0	4.895499082E1	4.434261622E1
4.733333333E0	4.895668903E1	4.470360967E1
4.750000000E0	4.895743488E1	4.510896718E1
4.766666667E0	4.895464999E1	4.546663913E1
4.783333333E0	4.895129058E1	4.583719756E1
4.800000000E0	4.895641437E1	4.624793473E1
4.816666667E0	4.895225885E1	4.661827625E1
4.833333333E0	4.895262524E1	4.705526741E1
4.850000000E0	4.894629455E1	4.745113335E1
4.866666667E0	4.895132401E1	4.787631552E1
4.883333333E0	4.895468318E1	4.831334725E1
4.900000000E0	4.894610850E1	4.872191720E1
4.916666667E0	4.894865283E1	4.917387070E1
4.933333333E0	4.894946221E1	4.964101033E1
4.950000000E0	4.895277421E1	5.010021083E1
4.966666667E0	4.895066597E1	5.055344084E1
4.983333333E0	4.894138195E1	5.098348012E1
5.000000000E0	4.894136518E1	5.144154725E1
5.016666667E0	4.894161120E1	5.191797877E1
5.033333333E0	4.894104981E1	5.239876617E1
5.050000000E0	4.894134438E1	5.287532995E1
5.066666667E0	4.894308305E1	5.334940382E1
5.083333333E0	4.894245387E1	5.382851789E1
5.100000000E0	4.894185393E1	5.430952590E1
5.116666667E0	4.894117012E1	5.479565127E1
5.133333333E0	4.894053375E1	5.527109966E1
5.150000000E0	4.894248585E1	5.575028935E1
5.166666667E0	4.893726103E1	5.622925870E1
5.183333333E0	4.893838758E1	5.671335819E1
5.200000000E0	4.893923640E1	5.719523783E1
5.216666667E0	4.893819647E1	5.766434175E1
5.233333333E0	4.893904359E1	5.814048539E1
5.250000000E0	4.893884853E1	5.861421527E1
5.266666667E0	4.893979900E1	5.909390790E1
5.283333333E0	4.892295428E1	5.954840171E1
5.300000000E0	4.892640867E1	5.998422982E1
5.316666667E0	4.893171082E1	6.044572114E1
5.333333333E0	4.893516093E1	6.090270014E1
5.350000000E0	4.893771357E1	6.135425948E1
5.366666667E0	4.892555003E1	6.178229936E1
5.383333333E0	4.893319955E1	6.221210664E1
5.400000000E0	4.893916242E1	6.264078571E1
5.416666667E0	4.892957527E1	6.304146488E1
5.433333333E0	4.893335014E1	6.347541712E1
5.450000000E0	4.892320310E1	6.386853060E1
5.466666667E0	4.893336730E1	6.427888864E1
5.483333333E0	4.892822614E1	6.464917846E1
5.500000000E0	4.892248669E1	6.500528545E1
5.516666667E0	4.893458352E1	6.540006042E1
5.533333333E0	4.893416356E1	6.574395238E1
5.550000000E0	4.892815388E1	6.608872649E1
5.566666667E0	4.893028962E1	6.642483998E1
5.583333333E0	4.892987658E1	6.674759868E1
5.600000000E0	4.893170663E1	6.706158086E1
5.616666667E0	4.893413664E1	6.736571884E1
5.633333333E0	4.893358558E1	6.765352519E1
5.650000000E0	4.892803695E1	6.791678222E1
5.666666667E0	4.893175430E1	6.818354843E1
5.683333333E0	4.893931827E1	6.845085309E1
5.700000000E0	4.892789127E1	6.868000662E1
5.716666667E0	4.894001981E1	6.892908582E1
5.733333333E0	4.893286040E1	6.913878228E1
5.750000000E0	4.893139401E1	6.931484704E1
5.766666667E0	4.892920168E1	6.948589844E1
5.783333333E0	4.892976132E1	6.965066929E1
5.800000000E0	4.892964340E1	6.980827119E1
5.816666667E0	4.893226568E1	6.995836256E1
5.833333333E0	4.893352983E1	7.009440791E1
5.850000000E0	4.893713109E1	7.021442295E1
5.866666667E0	4.892948597E1	7.029135219E1
5.883333333E0	4.893477436E1	7.040245484E1
5.900000000E0	4.892933445E1	7.045452625E1
5.916666667E0	4.893891836E1	7.053091174E1
5.933333333E0	4.893763285E1	7.056555927E1
5.950000000E0	4.893525856E1	7.058255282E1
5.966666667E0	4.893518745E1	7.059048851E1
5.983333333E0	4.893579637E1	7.059139636E1
6.000000000E0	4.893439907E1	7.058220420E1
6.016666667E0	4.893898637E1	7.056891164E1
6.033333333E0	4.892564388E1	7.048627128E1
6.050000000E0	4.893497571E1	7.042950824E1
6.066666667E0	4.894141633E1	7.036303790E1
6.083333333E0	4.893550626E1	7.027163721E1
6.100000000E0	4.892729394E1	7.015857655E1
6.116666667E0	4.894482783E1	7.005426234E1
6.133333333E0	4.894164843E1	6.992772279E1
6.150000000E0	4.894183881E1	6.977790152E1
6.166666667E0	4.893962399E1	6.962187663E1
6.183333333E0	4.894132433E1	6.945768845E1
6.200000000E0	4.894499218E1	6.928680545E1
6.216666667E0	4.894624662E1	6.909082504E1
6.233333333E0	4.893762309E1	6.885167354E1
6.250000000E0	4.894664861E1	6.864210761E1
6.266666667E0	4.893873330E1	6.838286223E1
6.283333333E0	4.894789018E1	6.815968884E1
6.300000000E0	4.894282539E1	6.788108837E1
6.316666667E0	4.895292047E1	6.763873708E1
6.333333333E0	4.894757630E1	6.735924756E1
6.350000000E0	4.894692089E1	6.705580231E1
6.366666667E0	4.894552131E1	6.674890786E1
6.383333333E0	4.894674754E1	6.643357769E1
6.400000000E0	4.894640014E1	6.611237042E1
6.416666667E0	4.894693116E1	6.578296394E1
6.433333333E0	4.895036139E1	6.544952223E1
6.450000000E0	4.895262224E1	6.511583639E1
6.466666667E0	4.895610078E1	6.477668254E1
6.483333333E0	4.895840662E1	6.443409618E1
6.500000000E0	4.895245163E1	6.402726658E1
6.516666667E0	4.895845800E1	6.365918042E1
6.533333333E0	4.896244192E1	6.327730781E1
6.550000000E0	4.895609431E1	6.287066207E1
6.566666667E0	4.896159113E1	6.250478287E1
6.583333333E0	4.895519638E1	6.208011764E1
6.600000000E0	4.896283447E1	6.171281878E1
6.616666667E0	4.895903150E1	6.127178098E1
6.633333333E0	4.896704637E1	6.088543552E1
6.650000000E0	4.896144696E1	6.044820396E1
6.666666667E0	4.895887603E1	6.002536612E1
6.683333333E0	4.896526925E1	5.962698761E1
6.700000000E0	4.896237339E1	5.917865040E1
6.716666667E0	4.897726697E1	5.875193223E1
6.733333333E0	4.896982925E1	5.833515537E1
6.750000000E0	4.896916938E1	5.787771215E1
6.766666667E0	4.897909703E1	5.747610921E1
6.783333333E0	4.897341064E1	5.704997737E1
6.800000000E0	4.896892588E1	5.659623506E1
6.816666667E0	4.896828522E1	5.616771807E1
6.833333333E0	4.898079098E1	5.574433300E1
6.850000000E0	4.897338475E1	5.530280970E1
6.866666667E0	4.898746010E1	5.489556737E1
6.883333333E0	4.898004557E1	5.447296414E1
6.900000000E0	4.897796621E1	5.402025051E1
6.916666667E0	4.899306691E1	5.361209590E1
6.933333333E0	4.898321220E1	5.319385496E1
6.950000000E0	4.897606497E1	5.277719154E1
6.966666667E0	4.898753912E1	5.237716181E1
6.983333333E0	4.898183098E1	5.194848235E1
7.000000000E0	4.899083256E1	5.155604760E1
7.016666667E0	4.898167295E1	5.113454528E1
7.033333333E0	4.899198552E1	5.075469742E1
7.050000000E0	4.898121162E1	5.035286829E1
7.066666667E0	4.899003923E1	4.997329139E1
7.083333333E0	4.899635812E1	4.960619568E1
7.100000000E0	4.898608629E1	4.920609715E1
7.116666667E0	4.899143612E1	4.884836558E1
7.133333333E0	4.899306849E1	4.850349093E1
7.150000000E0	4.899918310E1	4.816196975E1
7.166666667E0	4.900177913E1	4.781217162E1
7.183333333E0	4.900393180E1	4.747633559E1
7.200000000E0	4.898443824E1	4.712600633E1
7.216666667E0	4.898575287E1	4.678958649E1
7.233333333E0	4.898529763E1	4.646504919E1
7.250000000E0	4.898542122E1	4.614832818E1
7.266666667E0	4.898422054E1	4.585753570E1
7.283333333E0	4.899826489E1	4.557608761E1
7.300000000E0	4.898941567E1	4.530060113E1
7.316666667E0	4.899120745E1	4.500128482E1
7.333333333E0	4.900547969E1	4.473778015E1
7.350000000E0	4.899430600E1	4.448499616E1
7.366666667E0	4.898507247E1	4.420983712E1
7.383333333E0	4.899526225E1	4.398123959E1
7.400000000E0	4.898421604E1	4.372612904E1
7.416666667E0	4.899137449E1	4.351452569E1
7.433333333E0	4.899943591E1	4.329870089E1
7.450000000E0	4.898234867E1	4.308183870E1
7.466666667E0	4.898556786E1	4.288978351E1
7.483333333E0	4.899090117E1	4.270488380E1
7.500000000E0	4.899276672E1	4.252234135E1
7.516666667E0	4.899161891E1	4.235348943E1
7.533333333E0	4.899104240E1	4.217893094E1
7.550000000E0	4.899167493E1	4.201925693E1
7.566666667E0	4.899002669E1	4.187020168E1
7.583333333E0	4.898672135E1	4.172836684E1
7.600000000E0	4.898278435E1	4.159575957E1
7.616666667E0	4.898014238E1	4.145309970E1
7.633333333E0	4.899104011E1	4.135408454E1
7.650000000E0	4.898241460E1	4.125759651E1
7.666666667E0	4.897742909E1	4.113386074E1
7.683333333E0	4.898378970E1	4.106765979E1
7.700000000E0	4.897652709E1	4.096400741E1
7.716666667E0	4.898288036E1	4.090791411E1
7.733333333E0	4.897400537E1	4.082173121E1
7.750000000E0	4.897750574E1	4.077615362E1
7.766666667E0	4.898554716E1	4.073712989E1
7.783333333E0	4.897406218E1	4.066351393E1
7.800000000E0	4.897585695E1	4.063781643E1
7.816666667E0	4.898036020E1	4.060866116E1
7.833333333E0	4.898122201E1	4.059096678E1
7.850000000E0	4.898393988E1	4.058168851E1
7.866666667E0	4.898274224E1	4.057123990E1
7.883333333E0	4.898217109E1	4.057184812E1
7.900000000E0	4.898121100E1	4.057261295E1
7.916666667E0	4.897894958E1	4.058090648E1
7.933333333E0	4.897781935E1	4.059527339E1
7.950000000E0	4.897507231E1	4.060800420E1
7.966666667E0	4.897167151E1	4.062637137E1
7.983333333E0	4.897061816E1	4.064535549E1
8.000000000E0	4.896701979E1	4.068616838E1
8.016666667E0	4.897466189E1	4.075235388E1
8.033333333E0	4.897061393E1	4.078560770E1
8.050000000E0	4.896724599E1	4.083109405E1
8.066666667E0	4.897396934E1	4.091698626E1
8.083333333E0	4.896913668E1	4.095925278E1
8.100000000E0	4.897675075E1	4.104058155E1
8.116666667E0	4.896812194E1	4.110876496E1
8.133333333E0	4.896527046E1	4.116859312E1
8.150000000E0	4.896697140E1	4.126190543E1
8.166666667E0	4.896143827E1	4.134121159E1
8.183333333E0	4.896573643E1	4.142933937E1
8.200000000E0	4.896832254E1	4.153217099E1
8.216666667E0	4.896318700E1	4.161186619E1
8.233333333E0	4.896611688E1	4.173230329E1
8.250000000E0	4.896103988E1	4.181481715E1
8.266666667E0	4.896333210E1	4.192357149E1
8.283333333E0	4.896448090E1	4.205589727E1
8.300000000E0	4.896920309E1	4.216194901E1
8.316666667E0	4.895706228E1	4.226978740E1
8.333333333E0	4.896246763E1	4.240132012E1
8.350000000E0	4.896237164E1	4.254885694E1
8.366666667E0	4.896434434E1	4.268155240E1
8.383333333E0	4.896684260E1	4.281542542E1
8.400000000E0	4.895658768E1	4.291888009E1
8.416666667E0	4.895920809E1	4.305654654E1
8.433333333E0	4.896047759E1	4.320713080E1
8.450000000E0	4.896062424E1	4.334844114E1
8.466666667E0	4.896152261E1	4.350601383E1
8.483333333E0	4.896239053E1	4.365157364E1
8.500000000E0	4.896297028E1	4.379964565E1
8.516666667E0	4.896212374E1	4.395141739E1
8.533333333E0	4.896309596E1	4.410980505E1
8.550000000E0	4.896364484E1	4.426794556E1
8.566666667E0	4.896357522E1	4.442859180E1
8.583333333E0	4.896176404E1	4.459122623E1
8.600000000E0	4.896106349E1	4.476187677E1
8.616666667E0	4.895991914E1	4.493496446E1
8.633333333E0	4.895861845E1	4.510680557E1
8.650000000E0	4.895702108E1	4.527730186E1
8.666666667E0	4.895460255E1	4.545022603E1
8.683333333E0	4.895375887E1	4.562057154E1
8.700000000E0	4.895342413E1	4.578674216E1
8.716666667E0	4.895104648E1	4.596132502E1
8.733333333E0	4.894715958E1	4.614448655E1
8.750000000E0	4.895494140E1	4.635475968E1
8.766666667E0	4.895357170E1	4.656425688E1
8.783333333E0	4.895188483E1	4.674247729E1
8.800000000E0	4.894926401E1	4.692624027E1
8.816666667E0	4.894323421E1	4.712134851E1
8.833333333E0	4.895022945E1	4.735724160E1
8.850000000E0	4.894756696E1	4.755803505E1
8.866666667E0	4.894322535E1	4.774500623E1
8.883333333E0	4.895084896E1	4.799240642E1
8.900000000E0	4.894735104E1	4.819193797E1
8.916666667E0	4.894304168E1	4.838461751E1
8.933333333E0	4.894879867E1	4.861915737E1
8.950000000E0	4.894382610E1	4.883961110E1
8.966666667E0	4.893760242E1	4.904573919E1
8.983333333E0	4.894485784E1	4.930485608E1
9.000000000E0	4.893870038E1	4.951231532E1
9.016666667E0	4.894416696E1	4.977854004E1
9.033333333E0	4.893704115E1	4.998985965E1
9.050000000E0	4.894362287E1	5.025595091E1
9.066666667E0	4.893627080E1	5.046958200E1
9.083333333E0	4.894309250E1	5.073361214E1
9.100000000E0	4.893578779E1	5.095422218E1
9.116666667E0	4.894081412E1	5.122457757E1
9.133333333E0	4.893008376E1	5.145604933E1
9.150000000E0	4.893738015E1	5.173216956E1
9.166666667E0	4.893700972E1	5.200867500E1
9.183333333E0	4.892994056E1	5.225032876E1
9.200000000E0	4.893483522E1	5.253204200E1
9.216666667E0	4.893650360E1	5.280739484E1
9.233333333E0	4.892430962E1	5.305225386E1
9.250000000E0	4.893304233E1	5.333774158E1
9.266666667E0	4.893384702E1	5.361361829E1
9.283333333E0	4.892007236E1	5.388028251E1
9.300000000E0	4.892909964E1	5.416814262E1
9.316666667E0	4.893007698E1	5.447061594E1
9.333333333E0	4.892994765E1	5.476458220E1
9.350000000E0	4.893193716E1	5.504944660E1
9.366666667E0	4.892169794E1	5.531316961E1
9.383333333E0	4.892559689E1	5.561065909E1
9.400000000E0	4.892848137E1	5.591568335E1
9.416666667E0	4.893084298E1	5.621951905E1
9.433333333E0	4.893095085E1	5.651444604E1
9.450000000E0	4.891446452E1	5.680978360E1
9.466666667E0	4.891719921E1	5.709636836E1
9.483333333E0	4.892341814E1	5.739524416E1
9.500000000E0	4.892822424E1	5.769805997E1
9.516666667E0	4.892949474E1	5.800911745E1
9.533333333E0	4.893123445E1	5.832022784E1
9.550000000E0	4.893024230E1	5.862753183E1
9.566666667E0	4.893007092E1	5.893314128E1
9.583333333E0	4.893154742E1	5.923821453E1
9.600000000E0	4.891313364E1	5.952896032E1
9.616666667E0	4.891827203E1	5.982217193E1
9.633333333E0	4.892510330E1	6.012544128E1
9.650000000E0	4.892660363E1	6.043486013E1
9.666666667E0	4.892951436E1	6.074024920E1
9.683333333E0	4.893219123E1	6.104571399E1
9.700000000E0	4.893357621E1	6.134674906E1
9.716666667E0	4.891584321E1	6.163724549E1
9.733333333E0	4.891786274E1	6.191292428E1
9.750000000E0	4.892966987E1	6.220995659E1
9.766666667E0	4.892634477E1	6.250409502E1
9.783333333E0	4.891867593E1	6.277466624E1
9.800000000E0	4.892027318E1	6.304564970E1
9.816666667E0	4.893167380E1	6.333475937E1
9.833333333E0	4.893230583E1	6.362448071E1
9.850000000E0	4.891847647E1	6.387485737E1
9.866666667E0	4.892732445E1	6.415064118E1
9.883333333E0	4.893099499E1	6.442180651E1
9.900000000E0	4.892227568E1	6.465337645E1
9.916666667E0	4.893454848E1	6.491992447E1
9.933333333E0	4.892268636E1	6.514207956E1
9.950000000E0	4.893362822E1	6.540575963E1
9.966666667E0	4.892595518E1	6.562372984E1
9.983333333E0	4.893566222E1	6.587759485E1
1.000000000E1	4.892641774E1	6.608896190E1
1.001666667E1	4.891692268E1	6.630062557E1
1.003333333E1	4.893381398E1	6.653132026E1
1.005000000E1	4.893059324E1	6.671844677E1
1.006666667E1	4.892903838E1	6.689127164E1
1.008333333E1	4.892776162E1	6.706276405E1
1.010000000E1	4.892541231E1	6.723181660E1
1.011666667E1	4.892783068E1	6.739521352E1
1.013333333E1	4.892960623E1	6.755580191E1
1.015000000E1	4.892976412E1	6.771019113E1
1.016666667E1	4.893305042E1	6.785608184E1
1.018333333E1	4.893470310E1	6.799360189E1
1.020000000E1	4.893749245E1	6.811232393E1
1.021666667E1	4.893073700E1	6.819646871E1
1.023333333E1	4.893580108E1	6.831551714E1
1.025000000E1	4.892893933E1	6.838627783E1
1.026666667E1	4.893865616E1	6.848439043E1
1.028333333E1	4.893146280E1	6.853631267E1
1.030000000E1	4.894075657E1	6.862312580E1
1.031666667E1	4.893893858E1	6.865521171E1
1.033333333E1	4.893561163E1	6.867572793E1
1.035000000E1	4.893464591E1	6.868177983E1
1.036666667E1	4.893402895E1	6.868820087E1
1.038333333E1	4.893456892E1	6.868677878E1
1.040000000E1	4.893697044E1	6.867632398E1
1.041666667E1	4.894064168E1	6.866202218E1
1.043333333E1	4.894537755E1	6.862753026E1
1.045000000E1	4.893636087E1	6.855715792E1
1.046666667E1	4.894290538E1	6.849324951E1
1.048333333E1	4.893382270E1	6.840721671E1
1.050000000E1	4.894633706E1	6.832683594E1
1.051666667E1	4.894032948E1	6.820318056E1
1.053333333E1	4.893560896E1	6.809328909E1
1.055000000E1	4.894853358E1	6.797286651E1
1.056666667E1	4.894847910E1	6.783138938E1
1.058333333E1	4.895052536E1	6.767466012E1
1.060000000E1	4.895117513E1	6.751243220E1
1.061666667E1	4.895166781E1	6.734241608E1
1.063333333E1	4.895283705E1	6.715107454E1
1.065000000E1	4.894552604E1	6.691177847E1
1.066666667E1	4.895235071E1	6.671739223E1
1.068333333E1	4.894248532E1	6.646975939E1
1.070000000E1	4.895253901E1	6.623364981E1
1.071666667E1	4.894786332E1	6.595339187E1
1.073333333E1	4.895560621E1	6.571552828E1
1.075000000E1	4.895575163E1	6.542732356E1
1.076666667E1	4.895283328E1	6.511711709E1
1.078333333E1	4.895173140E1	6.481041154E1
1.080000000E1	4.895132376E1	6.449725427E1
1.081666667E1	4.895352623E1	6.417523936E1
1.083333333E1	4.895655900E1	6.384053525E1
1.085000000E1	4.895810775E1	6.350354447E1
1.086666667E1	4.896274251E1	6.316051555E1
1.088333333E1	4.895550547E1	6.275569002E1
1.090000000E1	4.895803115E1	6.238794224E1
1.091666667E1	4.896333853E1	6.203645192E1
1.093333333E1	4.895784027E1	6.161694193E1
1.095000000E1	4.896540660E1	6.123370291E1
1.096666667E1	4.896040957E1	6.078779760E1
1.098333333E1	4.896952181E1	6.039838592E1
1.100000000E1	4.896716120E1	5.995607733E1
1.101666667E1	4.896332337E1	5.950826743E1
1.103333333E1	4.897896432E1	5.907977772E1
1.105000000E1	4.897445442E1	5.863465274E1
1.106666667E1	4.897453827E1	5.817056332E1
1.108333333E1	4.897295556E1	5.770418033E1
1.110000000E1	4.897143560E1	5.723183245E1
1.111666667E1	4.897240195E1	5.675621615E1
1.113333333E1	4.897219525E1	5.627122766E1
1.115000000E1	4.897388053E1	5.578553852E1
1.116666667E1	4.897593090E1	5.530491341E1
1.118333333E1	4.897464227E1	5.482119696E1
1.120000000E1	4.897853270E1	5.433743935E1
1.121666667E1	4.898198101E1	5.384338078E1
1.123333333E1	4.898761495E1	5.335399463E1
1.125000000E1	4.898825039E1	5.287055742E1
1.126666667E1	4.899008157E1	5.238011922E1
1.128333333E1	4.899966482E1	5.187965678E1
1.130000000E1	4.900781770E1	5.137670988E1
1.131666667E1	4.901133988E1	5.088103904E1
1.133333333E1	4.901221465E1	5.039186849E1
1.135000000E1	4.901569593E1	4.990695029E1
1.136666667E1	4.899328354E1	4.939294191E1
1.138333333E1	4.899565984E1	4.888952541E1
1.140000000E1	4.899962743E1	4.840303740E1
1.141666667E1	4.899706951E1	4.792546997E1
1.143333333E1	4.899984471E1	4.744705470E1
1.145000000E1	4.900125376E1	4.696366930E1
1.146666667E1	4.900099443E1	4.648490198E1
1.148333333E1	4.903231738E1	4.602362325E1
1.150000000E1	4.903262444E1	4.559548353E1
1.151666667E1	4.901838128E1	4.513788238E1
1.153333333E1	4.901502446E1	4.468282971E1
1.155000000E1	4.900917340E1	4.423169090E1
1.156666667E1	4.902626517E1	4.382190753E1
1.158333333E1	4.901255144E1	4.338650966E1
1.160000000E1	4.902571062E1	4.299216424E1
1.161666667E1	4.900953473E1	4.257876638E1
1.163333333E1	4.902476045E1	4.218205842E1
1.165000000E1	4.900782233E1	4.177485606E1
1.166666667E1	4.902139777E1	4.141035308E1
1.168333333E1	4.902526382E1	4.104776809E1
1.170000000E1	4.900632231E1	4.069519405E1
1.171666667E1	4.900645572E1	4.034060306E1
1.173333333E1	4.900448646E1	4.000871424E1
1.175000000E1	4.900605143E1	3.967923528E1
1.176666667E1	4.900479042E1	3.935835083E1
1.178333333E1	4.900356379E1	3.905313726E1
1.180000000E1	4.901559770E1	3.878200023E1
1.181666667E1	4.900964916E1	3.852082025E1
1.183333333E1	4.900234657E1	3.824861247E1
1.185000000E1	4.900979969E1	3.801688852E1
1.186666667E1	4.899956122E1	3.776715198E1
1.188333333E1	4.900504722E1	3.754947268E1
1.190000000E1	4.901205252E1	3.733422997E1
1.191666667E1	4.899763557E1	3.713461338E1
1.193333333E1	4.899749358E1	3.695325624E1
1.195000000E1	4.899563949E1	3.678337956E1
1.196666667E1	4.899326450E1	3.662303070E1
1.198333333E1	4.899481374E1	3.648712815E1
1.200000000E1	4.900858182E1	3.637472816E1
1.201666667E1	4.899581922E1	3.626973121E1
1.203333333E1	4.898917982E1	3.616639011E1
1.205000000E1	4.899444022E1	3.609336461E1
1.206666667E1	4.898710776E1	3.600626055E1
1.208333333E1	4.898953972E1	3.594909867E1
1.210000000E1	4.899090819E1	3.592732684E1
1.211666667E1	4.899391516E1	3.590738108E1
1.213333333E1	4.899234035E1	3.590118982E1
1.215000000E1	4.899306995E1	3.590151872E1
1.216666667E1	4.898786016E1	3.591812071E1
1.218333333E1	4.898457491E1	3.594129240E1
1.220000000E1	4.897893785E1	3.597615517E1
1.221666667E1	4.898825708E1	3.604780146E1
1.223333333E1	4.897940933E1	3.611658403E1
1.225000000E1	4.898590202E1	3.620308615E1
1.226666667E1	4.897567680E1	3.628852544E1
1.228333333E1	4.898061251E1	3.641204618E1
1.230000000E1	4.897948731E1	3.653820790E1
1.231666667E1	4.897358166E1	3.666097854E1
1.233333333E1	4.897209233E1	3.680790360E1
1.235000000E1	4.897093579E1	3.696514909E1
1.236666667E1	4.896868764E1	3.713508871E1
1.238333333E1	4.897430457E1	3.733887505E1
1.240000000E1	4.897186505E1	3.755257905E1
1.241666667E1	4.896612383E1	3.774383463E1
1.243333333E1	4.897285192E1	3.798394767E1
1.245000000E1	4.896771212E1	3.821005695E1
1.246666667E1	4.896045631E1	3.844703893E1
1.248333333E1	4.896524605E1	3.869110715E1
1.250000000E1	4.896511280E1	3.869237890E1
1.251666667E1	4.896555296E1	3.898245548E1
1.253333333E1	4.896001221E1	3.924460015E1
1.255000000E1	4.895679559E1	3.953127094E1
1.256666667E1	4.895814582E1	3.983840234E1
1.258333333E1	4.895756903E1	4.015168065E1
1.260000000E1	4.895813868E1	4.047115576E1
1.261666667E1	4.895863905E1	4.079149826E1
1.263333333E1	4.895754609E1	4.111514237E1
1.265000000E1	4.895723624E1	4.144361672E1
1.266666667E1	4.895887821E1	4.205567585E1
1.268333333E1	4.895664108E1	4.239621833E1
1.270000000E1	4.895468546E1	4.274137962E1
1.271666667E1	4.895027584E1	4.310360667E1
1.273333333E1	4.895913913E1	4.348595264E1
1.275000000E1	4.895547376E1	4.384698545E1
1.276666667E1	4.895007811E1	4.420187383E1
1.278333333E1	4.895631607E1	4.461162289E1
1.280000000E1	4.895168823E1	4.498323949E1
1.281666667E1	4.894658478E1	4.536873453E1
1.283333333E1	4.895316218E1	4.575339216E1
1.285000000E1	4.894889207E1	4.612201866E1
1.286666667E1	4.895436297E1	4.653753040E1
1.288333333E1	4.894671182E1	4.691510287E1
1.290000000E1	4.895072738E1	4.732016622E1
1.291666667E1	4.894469453E1	4.771548003E1
1.293333333E1	4.893751568E1	4.810129279E1
1.295000000E1	4.894343394E1	4.850086276E1
1.296666667E1	4.893669709E1	4.887326180E1
1.298333333E1	4.894517572E1	4.929372792E1
1.300000000E1	4.893180168E1	4.966918678E1
1.301666667E1	4.894127775E1	5.008633794E1
1.303333333E1	4.893408718E1	5.046118608E1
1.305000000E1	4.892664296E1	5.083520606E1
1.306666667E1	4.893545741E1	5.123559320E1
1.308333333E1	4.892756766E1	5.160378971E1
1.310000000E1	4.893607629E1	5.201148267E1
1.311666667E1	4.892625574E1	5.238302965E1
1.313333333E1	4.892083326E1	5.273976242E1
1.315000000E1	4.891453861E1	5.310279367E1
1.316666667E1	4.892526490E1	5.347508220E1
1.318333333E1	4.892267451E1	5.383767092E1
1.320000000E1	4.891703007E1	5.417935152E1
1.321666667E1	4.890636901E1	5.453727814E1
1.323333333E1	4.892726511E1	5.488965078E1
1.325000000E1	4.892381187E1	5.523917505E1
1.326666667E1	4.892419624E1	5.557424190E1
1.328333333E1	4.892268092E1	5.590290700E1
1.330000000E1	4.892071238E1	5.623185486E1
1.331666667E1	4.892151176E1	5.655861914E1
1.333333333E1	4.891764377E1	5.687801656E1
1.335000000E1	4.891983355E1	5.719283040E1
1.336666667E1	4.892229232E1	5.749868327E1
1.338333333E1	4.890195493E1	5.777665358E1
1.340000000E1	4.891296828E1	5.804705083E1
1.341666667E1	4.891541006E1	5.834182204E1
1.343333333E1	4.892315754E1	5.862893125E1
1.345000000E1	4.890772233E1	5.888636836E1
1.346666667E1	4.891595247E1	5.915647052E1
1.348333333E1	4.892547236E1	5.942656699E1
1.350000000E1	4.891187767E1	5.965908777E1
1.351666667E1	4.892638390E1	5.991829418E1
1.353333333E1	4.891813766E1	6.013378726E1
1.355000000E1	4.892903361E1	6.037243723E1
1.356666667E1	4.892631575E1	6.059763837E1
1.358333333E1	4.891767193E1	6.079454095E1
1.360000000E1	4.893183811E1	6.101669716E1
1.361666667E1	4.892971382E1	6.122774428E1
1.363333333E1	4.892490395E1	6.141325152E1
1.365000000E1	4.892370807E1	6.158800993E1
1.366666667E1	4.891805698E1	6.176882371E1
1.368333333E1	4.891955806E1	6.193667809E1
1.370000000E1	4.892080558E1	6.209791058E1
1.371666667E1	4.892137798E1	6.225650608E1
1.373333333E1	4.892439192E1	6.240882676E1
1.375000000E1	4.892619878E1	6.255391645E1
1.376666667E1	4.893408744E1	6.269763375E1
1.378333333E1	4.893696401E1	6.284169669E1
1.380000000E1	4.893810570E1	6.297302675E1
1.381666667E1	4.892484844E1	6.307313060E1
1.383333333E1	4.893144803E1	6.318992394E1
1.385000000E1	4.894074319E1	6.331458156E1
1.386666667E1	4.892727350E1	6.339385233E1
1.388333333E1	4.893632416E1	6.350224950E1
1.390000000E1	4.893993124E1	6.360643248E1
1.391666667E1	4.893200721E1	6.367861505E1
1.393333333E1	4.894083211E1	6.378245829E1
1.395000000E1	4.893347104E1	6.384005213E1
1.396666667E1	4.894057210E1	6.393564660E1
1.398333333E1	4.893865010E1	6.398849801E1
1.400000000E1	4.892923109E1	6.402825500E1
1.401666667E1	4.894180493E1	6.411407192E1
1.403333333E1	4.893812482E1	6.414782927E1
1.405000000E1	4.893472181E1	6.418154670E1
1.406666667E1	4.894560140E1	6.423232675E1
1.408333333E1	4.894534582E1	6.427841911E1
1.410000000E1	4.894434274E1	6.429879141E1
1.411666667E1	4.894125379E1	6.431349469E1
1.413333333E1	4.893938279E1	6.432775945E1
1.415000000E1	4.893755206E1	6.433836176E1
1.416666667E1	4.893312156E1	6.435624754E1
1.418333333E1	4.893169373E1	6.436388470E1
1.420000000E1	4.893198207E1	6.436633010E1
1.421666667E1	4.893276085E1	6.437289372E1
1.423333333E1	4.893392731E1	6.436586096E1
1.425000000E1	4.893553391E1	6.436035054E1
1.426666667E1	4.893820008E1	6.435231512E1
1.428333333E1	4.894085181E1	6.433545598E1
1.430000000E1	4.894266712E1	6.432377958E1
1.431666667E1	4.894495624E1	6.430901434E1
1.433333333E1	4.894769620E1	6.429327466E1
1.435000000E1	4.894911241E1	6.428237155E1
1.436666667E1	4.895043844E1	6.424145606E1
1.438333333E1	4.893944853E1	6.419039841E1
1.440000000E1	4.894573819E1	6.415268260E1
1.441666667E1	4.894771714E1	6.413045746E1
1.443333333E1	4.895223908E1	6.407388885E1
1.445000000E1	4.894379735E1	6.400522418E1
1.446666667E1	4.894770635E1	6.397738952E1
1.448333333E1	4.895329920E1	6.392249712E1
1.450000000E1	4.894297867E1	6.384572816E1
1.451666667E1	4.895031408E1	6.380525517E1
1.453333333E1	4.893987883E1	6.371436742E1
1.455000000E1	4.894784192E1	6.365948800E1
1.456666667E1	4.895200459E1	6.359335222E1
1.458333333E1	4.894638690E1	6.350710127E1
1.460000000E1	4.895257764E1	6.344145496E1
1.461666667E1	4.894710187E1	6.334883620E1
1.463333333E1	4.895318337E1	6.327516774E1
1.465000000E1	4.894863673E1	6.318007468E1
1.466666667E1	4.894028032E1	6.307216983E1
1.468333333E1	4.895130573E1	6.300391117E1
1.470000000E1	4.894591277E1	6.288148102E1
1.471666667E1	4.895365065E1	6.280439980E1
1.473333333E1	4.895107888E1	6.269331419E1
1.475000000E1	4.894546403E1	6.255984731E1
1.476666667E1	4.895764336E1	6.246024653E1
1.478333333E1	4.895376809E1	6.235667500E1
1.480000000E1	4.894995547E1	6.221758914E1
1.481666667E1	4.894618638E1	6.207596847E1
1.483333333E1	4.894198740E1	6.195524401E1
1.485000000E1	4.895521719E1	6.184578155E1
1.486666667E1	4.895295360E1	6.170476639E1
1.488333333E1	4.895312939E1	6.155600159E1
1.490000000E1	4.895276589E1	6.139985095E1
1.491666667E1	4.895272653E1	6.124092292E1
1.493333333E1	4.895211170E1	6.107855479E1
1.495000000E1	4.895299739E1	6.091639468E1
1.496666667E1	4.895372517E1	6.075123882E1
1.498333333E1	4.895438931E1	6.058464977E1
1.500000000E1	4.895600142E1	6.040856599E1
1.501666667E1	4.895738570E1	6.023840846E1
1.503333333E1	4.894758727E1	6.001652006E1
1.505000000E1	4.894930576E1	5.982170585E1
1.506666667E1	4.895334951E1	5.963723187E1
1.508333333E1	4.895738717E1	5.945589982E1
1.510000000E1	4.894775571E1	5.922795286E1
1.511666667E1	4.895288753E1	5.899941615E1
1.513333333E1	4.895837668E1	5.880684556E1
1.515000000E1	4.895152029E1	5.854696582E1
1.516666667E1	4.895722708E1	5.834198993E1
1.518333333E1	4.895032547E1	5.810384956E1
1.520000000E1	4.895685041E1	5.786369652E1
1.521666667E1	4.896483159E1	5.762617515E1
1.523333333E1	4.895758031E1	5.738329850E1
1.525000000E1	4.895172580E1	5.713327285E1
1.526666667E1	4.895982946E1	5.688536910E1
1.528333333E1	4.895475011E1	5.659325522E1
1.530000000E1	4.896499578E1	5.635365111E1
1.531666667E1	4.896059000E1	5.607764878E1
1.533333333E1	4.895945178E1	5.577732822E1
1.535000000E1	4.895724901E1	5.548643864E1
1.536666667E1	4.896472949E1	5.522527617E1
1.538333333E1	4.896580279E1	5.494813753E1
1.540000000E1	4.896338041E1	5.463545574E1
1.541666667E1	4.896189500E1	5.432358407E1
1.543333333E1	4.896228085E1	5.400743779E1
1.545000000E1	4.896010723E1	5.368864530E1
1.546666667E1	4.896039216E1	5.337567764E1
1.548333333E1	4.896068274E1	5.306055189E1
1.550000000E1	4.896099099E1	5.275176375E1
1.551666667E1	4.896145251E1	5.242822691E1
1.553333333E1	4.896275542E1	5.209591412E1
1.555000000E1	4.896547633E1	5.176438797E1
1.556666667E1	4.896624901E1	5.143167667E1
1.558333333E1	4.896727689E1	5.110104516E1
1.560000000E1	4.897106220E1	5.076996082E1
1.561666667E1	4.897139860E1	5.044122830E1
1.563333333E1	4.897526456E1	5.010862896E1
1.565000000E1	4.897830065E1	4.976709171E1
1.566666667E1	4.896911232E1	4.938082285E1
1.568333333E1	4.897107855E1	4.902592584E1
1.570000000E1	4.897709593E1	4.868154440E1
1.571666667E1	4.898144333E1	4.834361708E1
1.573333333E1	4.898392684E1	4.800211227E1
1.575000000E1	4.899140684E1	4.764710798E1
1.576666667E1	4.897650297E1	4.727953523E1
1.578333333E1	4.898198549E1	4.691941152E1
1.580000000E1	4.898565937E1	4.658370013E1
1.581666667E1	4.898791093E1	4.624240564E1
1.583333333E1	4.899651165E1	4.589568436E1
1.585000000E1	4.899766329E1	4.555311660E1
1.586666667E1	4.897847747E1	4.519402415E1
1.588333333E1	4.898782922E1	4.484137099E1
1.590000000E1	4.898876239E1	4.450024654E1
1.591666667E1	4.899118239E1	4.416674741E1
1.593333333E1	4.899534673E1	4.383224311E1
1.595000000E1	4.899709670E1	4.350625980E1
1.596666667E1	4.899768657E1	4.318800849E1
1.598333333E1	4.899753711E1	4.286668170E1
1.600000000E1	4.899898334E1	4.254598278E1
1.601666667E1	4.899673614E1	4.222763731E1
1.603333333E1	4.899365987E1	4.190828288E1
1.605000000E1	4.899405226E1	4.159597879E1
1.606666667E1	4.899263307E1	4.129297064E1
1.608333333E1	4.899105655E1	4.100584248E1
1.610000000E1	4.900219658E1	4.074645562E1
1.611666667E1	4.899618622E1	4.046389820E1
1.613333333E1	4.899137509E1	4.019265718E1
1.615000000E1	4.900130482E1	3.994183742E1
1.616666667E1	4.899653323E1	3.966895871E1
1.618333333E1	4.900593339E1	3.942569666E1
1.620000000E1	4.899393276E1	3.918257948E1
1.621666667E1	4.900265320E1	3.895998709E1
1.623333333E1	4.898847819E1	3.872656477E1
1.625000000E1	4.899142781E1	3.853431430E1
1.626666667E1	4.899492595E1	3.834790310E1
1.628333333E1	4.900045527E1	3.815961944E1
1.630000000E1	4.900172656E1	3.798672696E1
1.631666667E1	4.899841611E1	3.781004666E1
1.633333333E1	4.900554363E1	3.765035501E1
1.635000000E1	4.899996409E1	3.750477938E1
1.636666667E1	4.900087588E1	3.737140369E1
1.638333333E1	4.899193490E1	3.724275847E1
1.640000000E1	4.898684626E1	3.712443141E1
1.641666667E1	4.899785316E1	3.704206477E1
1.643333333E1	4.898791213E1	3.693739812E1
1.645000000E1	4.899577885E1	3.687727430E1
1.646666667E1	4.898397490E1	3.679531889E1
1.648333333E1	4.898873121E1	3.675712290E1
1.650000000E1	4.899491992E1	3.672730678E1
1.651666667E1	4.899432155E1	3.670915953E1
1.653333333E1	4.899421436E1	3.670326105E1
1.655000000E1	4.899244773E1	3.670413927E1
1.656666667E1	4.898774937E1	3.671609784E1
1.658333333E1	4.898743657E1	3.675112267E1
1.660000000E1	4.897966596E1	3.678335887E1
1.661666667E1	4.898641621E1	3.686519860E1
1.663333333E1	4.897914110E1	3.692947848E1
1.665000000E1	4.898758227E1	3.701670161E1
1.666666667E1	4.897557992E1	3.709974279E1
1.668333333E1	4.897964200E1	3.722052651E1
1.670000000E1	4.897903635E1	3.736142141E1
1.671666667E1	4.898085534E1	3.750222963E1
1.673333333E1	4.898066540E1	3.765846884E1
1.675000000E1	4.897851848E1	3.783520249E1
1.676666667E1	4.897585994E1	3.801663801E1
1.678333333E1	4.897113935E1	3.820875897E1
1.680000000E1	4.896890465E1	3.840026717E1
1.681666667E1	4.897555365E1	3.864090796E1
1.683333333E1	4.896889550E1	3.885920995E1
1.685000000E1	4.897473525E1	3.910729147E1
1.686666667E1	4.896751725E1	3.935352761E1
1.688333333E1	4.896880714E1	3.964821534E1
1.690000000E1	4.896827346E1	3.995449411E1
1.691666667E1	4.896991609E1	4.025896648E1
1.693333333E1	4.896987134E1	4.056430704E1
1.695000000E1	4.896126564E1	4.086724260E1
1.696666667E1	4.896146574E1	4.118359364E1
1.698333333E1	4.896928169E1	4.153548151E1
1.700000000E1	4.896299157E1	4.190183242E1
1.701666667E1	4.895930539E1	4.225333746E1
1.703333333E1	4.896256543E1	4.264642094E1
1.705000000E1	4.896135859E1	4.303792513E1
1.706666667E1	4.895524507E1	4.341157785E1
1.708333333E1	4.896016840E1	4.383339857E1
1.710000000E1	4.895370271E1	4.422245239E1
1.711666667E1	4.895748951E1	4.465233286E1
1.713333333E1	4.895783154E1	4.510894999E1
1.715000000E1	4.895088621E1	4.551273927E1
1.716666667E1	4.895367320E1	4.595647926E1
1.718333333E1	4.895448843E1	4.641798384E1
1.720000000E1	4.895511498E1	4.689320101E1
1.721666667E1	4.895418532E1	4.737154373E1
1.723333333E1	4.895229029E1	4.784141054E1
1.725000000E1	4.895482947E1	4.831140101E1
1.726666667E1	4.895272196E1	4.878362079E1
1.728333333E1	4.895160355E1	4.927074968E1
1.730000000E1	4.894934211E1	4.976251736E1
1.731666667E1	4.894616664E1	5.025595569E1
1.733333333E1	4.894678266E1	5.074936381E1
1.735000000E1	4.894548625E1	5.123897027E1
1.736666667E1	4.894180092E1	5.173556485E1
1.738333333E1	4.893686744E1	5.223543535E1
1.740000000E1	4.893244744E1	5.272804507E1
1.741666667E1	4.893273783E1	5.321968862E1
1.743333333E1	4.892934658E1	5.371187731E1
1.745000000E1	4.892803160E1	5.421547101E1
1.746666667E1	4.894071500E1	5.472356786E1
1.748333333E1	4.893885194E1	5.522970715E1
1.750000000E1	4.893827730E1	5.572883234E1
1.751666667E1	4.893520324E1	5.621930028E1
1.753333333E1	4.893508180E1	5.671014429E1
1.755000000E1	4.893189040E1	5.720141615E1
1.756666667E1	4.893405823E1	5.768010563E1
1.758333333E1	4.893483299E1	5.815525691E1
1.760000000E1	4.893288801E1	5.863207529E1
1.761666667E1	4.893293877E1	5.911113174E1
1.763333333E1	4.893164397E1	5.956788021E1
1.765000000E1	4.891587624E1	5.999720577E1
1.766666667E1	4.892437282E1	6.044842362E1
1.768333333E1	4.892899983E1	6.090028624E1
1.770000000E1	4.893083746E1	6.134477584E1
1.771666667E1	4.892248771E1	6.175670994E1
1.773333333E1	4.892806634E1	6.218859429E1
1.775000000E1	4.892013601E1	6.256968862E1
1.776666667E1	4.892974295E1	6.298664587E1
1.778333333E1	4.892130306E1	6.336566098E1
1.780000000E1	4.893078133E1	6.376322258E1
1.781666667E1	4.892560675E1	6.414261299E1
1.783333333E1	4.891944088E1	6.448826011E1
1.785000000E1	4.891955652E1	6.482011682E1
1.786666667E1	4.891969545E1	6.514721283E1
1.788333333E1	4.891903809E1	6.547468839E1
1.790000000E1	4.892120338E1	6.579263561E1
1.791666667E1	4.892426269E1	6.610216748E1
1.793333333E1	4.892589524E1	6.640816290E1
1.795000000E1	4.893241819E1	6.669381411E1
1.796666667E1	4.891679222E1	6.693931298E1
1.798333333E1	4.892783205E1	6.719931560E1
1.800000000E1	4.891743946E1	6.742763355E1
1.801666667E1	4.892988786E1	6.767115960E1
1.803333333E1	4.892545905E1	6.787385222E1
1.805000000E1	4.892006025E1	6.806711198E1
1.806666667E1	4.893651774E1	6.825629215E1
1.808333333E1	4.893552118E1	6.845030922E1
1.810000000E1	4.893436882E1	6.861710413E1
1.811666667E1	4.893631785E1	6.877835782E1
1.813333333E1	4.893770532E1	6.890404329E1
1.815000000E1	4.892510203E1	6.901200940E1
1.816666667E1	4.893477346E1	6.913573704E1
1.818333333E1	4.893936232E1	6.922728339E1
1.820000000E1	4.893314219E1	6.930920679E1
1.821666667E1	4.892057250E1	6.937354495E1
1.823333333E1	4.893699492E1	6.943775926E1
1.825000000E1	4.893572023E1	6.945961702E1
1.826666667E1	4.893252860E1	6.947371123E1
1.828333333E1	4.893168441E1	6.948477043E1
1.830000000E1	4.893114907E1	6.948555457E1
1.831666667E1	4.893194211E1	6.948311299E1
1.833333333E1	4.893547316E1	6.946643504E1
1.835000000E1	4.893806911E1	6.944280554E1
1.836666667E1	4.892625245E1	6.937631323E1
1.838333333E1	4.893782410E1	6.930709058E1
1.840000000E1	4.894305122E1	6.925009069E1
1.841666667E1	4.893656526E1	6.915126031E1
1.843333333E1	4.892584708E1	6.905981844E1
1.845000000E1	4.894097691E1	6.896384655E1
1.846666667E1	4.893942601E1	6.882216466E1
1.848333333E1	4.893465723E1	6.868204818E1
1.850000000E1	4.893719252E1	6.852682992E1
1.851666667E1	4.893696851E1	6.836360967E1
1.853333333E1	4.893799751E1	6.820098562E1
1.855000000E1	4.893880120E1	6.802744882E1
1.856666667E1	4.894292821E1	6.785450440E1
1.858333333E1	4.894455946E1	6.766888449E1
1.860000000E1	4.894739085E1	6.747869963E1
1.861666667E1	4.893985757E1	6.723525590E1
1.863333333E1	4.894506231E1	6.703773790E1
1.865000000E1	4.895080041E1	6.680839967E1
1.866666667E1	4.894605015E1	6.656862732E1
1.868333333E1	4.895176638E1	6.632820030E1
1.870000000E1	4.894807578E1	6.607620887E1
1.871666667E1	4.894365742E1	6.578914223E1
1.873333333E1	4.895482057E1	6.555137926E1
1.875000000E1	4.894895531E1	6.526904050E1
1.876666667E1	4.894819112E1	6.496840172E1
1.878333333E1	4.894224067E1	6.469823683E1
1.880000000E1	4.895408269E1	6.442627448E1
1.881666667E1	4.895246626E1	6.413438238E1
1.883333333E1	4.895172530E1	6.382240438E1
1.885000000E1	4.895187788E1	6.350184856E1
1.886666667E1	4.895157462E1	6.318549176E1
1.888333333E1	4.895155647E1	6.286661545E1
1.890000000E1	4.895218616E1	6.254996498E1
1.891666667E1	4.895238166E1	6.223292749E1
1.893333333E1	4.895215280E1	6.191524838E1
1.895000000E1	4.895368961E1	6.159174089E1
1.896666667E1	4.895407939E1	6.126117410E1
1.898333333E1	4.895651105E1	6.093156533E1
1.900000000E1	4.895825861E1	6.060133873E1
1.901666667E1	4.895875855E1	6.027614751E1
1.903333333E1	4.896019728E1	5.995261479E1
1.905000000E1	4.896017364E1	5.962684603E1
1.906666667E1	4.896221868E1	5.929716299E1
1.908333333E1	4.896579503E1	5.895725348E1
1.910000000E1	4.897049244E1	5.860194320E1
1.911666667E1	4.895736425E1	5.824593118E1
1.913333333E1	4.895932024E1	5.789460993E1
1.915000000E1	4.896152344E1	5.756633378E1
1.916666667E1	4.896228610E1	5.723740500E1
1.918333333E1	4.896288476E1	5.690899273E1
1.920000000E1	4.896527236E1	5.658182972E1
1.921666667E1	4.896667024E1	5.624951852E1
1.923333333E1	4.896725817E1	5.592345113E1
1.925000000E1	4.896763673E1	5.559833549E1
1.926666667E1	4.896801277E1	5.527651225E1
1.928333333E1	4.896889545E1	5.495821782E1
1.930000000E1	4.896881421E1	5.463550529E1
1.931666667E1	4.896936507E1	5.431547380E1
1.933333333E1	4.897097598E1	5.399344129E1
1.935000000E1	4.897106340E1	5.367326972E1
1.936666667E1	4.896993349E1	5.335894820E1
1.938333333E1	4.896769131E1	5.304714195E1
1.940000000E1	4.896941322E1	5.275043949E1
1.941666667E1	4.896773737E1	5.245263684E1
1.943333333E1	4.898283939E1	5.216965232E1
1.945000000E1	4.897604449E1	5.188487319E1
1.946666667E1	4.897423425E1	5.157944835E1
1.948333333E1	4.897217904E1	5.128221357E1
1.950000000E1	4.897258439E1	5.100741832E1
1.951666667E1	4.898143325E1	5.075056638E1
1.953333333E1	4.897463594E1	5.047088183E1
1.955000000E1	4.898829301E1	5.021539489E1
1.956666667E1	4.897952379E1	4.996068624E1
1.958333333E1	4.897576781E1	4.967437492E1
1.960000000E1	4.898492206E1	4.943744753E1
1.961666667E1	4.897755479E1	4.916585421E1
1.963333333E1	4.897419798E1	4.890270604E1
1.965000000E1	4.898005039E1	4.867311657E1
1.966666667E1	4.897468394E1	4.842361978E1
1.968333333E1	4.897529881E1	4.819698570E1
1.970000000E1	4.898545336E1	4.797357655E1
1.971666667E1	4.897486437E1	4.773478918E1
1.973333333E1	4.898169356E1	4.753223127E1
1.975000000E1	4.897361836E1	4.729022426E1
1.976666667E1	4.897846939E1	4.707656708E1
1.978333333E1	4.898437917E1	4.688221561E1
1.980000000E1	4.897456646E1	4.665817072E1
1.981666667E1	4.897491305E1	4.645166800E1
1.983333333E1	4.898200801E1	4.626559502E1
1.985000000E1	4.898455502E1	4.608633743E1
1.986666667E1	4.898735004E1	4.590660911E1
1.988333333E1	4.898878839E1	4.571877934E1
1.990000000E1	4.897469771E1	4.553237524E1
1.991666667E1	4.897671468E1	4.534917095E1
1.993333333E1	4.897684136E1	4.517136809E1
1.995000000E1	4.897666347E1	4.500386887E1
1.996666667E1	4.897590974E1	4.483256411E1
1.998333333E1	4.897674436E1	4.466988164E1
