mass_A
t	x	y
0.000000000E0	4.895674490E1	6.978606246E1
1.666666667E-2	4.896331194E1	6.956129922E1
3.333333333E-2	4.895651139E1	6.930921121E1
5.000000000E-2	4.895270790E1	6.903932920E1
6.666666667E-2	4.896247621E1	6.878948854E1
8.333333333E-2	4.896159950E1	6.847957460E1
1.000000000E-1	4.896167729E1	6.815813371E1
1.166666667E-1	4.896360107E1	6.783017541E1
1.333333333E-1	4.896878117E1	6.746274804E1
1.500000000E-1	4.895681714E1	6.707279127E1
1.666666667E-1	4.896199980E1	6.672207118E1
1.833333333E-1	4.895730323E1	6.632164069E1
2.000000000E-1	4.896377137E1	6.591468361E1
2.166666667E-1	4.896034690E1	6.546321491E1
2.333333333E-1	4.897347870E1	6.505196030E1
2.500000000E-1	4.896824265E1	6.461716800E1
2.666666667E-1	4.896573378E1	6.414694853E1
2.833333333E-1	4.896687064E1	6.366736257E1
3.000000000E-1	4.896677342E1	6.317921007E1
3.166666667E-1	4.896936573E1	6.269049236E1
3.333333333E-1	4.897481336E1	6.218777630E1
3.500000000E-1	4.897476581E1	6.170078879E1
3.666666667E-1	4.896844298E1	6.112925523E1
3.833333333E-1	4.897142733E1	6.060103109E1
4.000000000E-1	4.898200094E1	6.007549747E1
4.166666667E-1	4.897287159E1	5.951805631E1
4.333333333E-1	4.897840227E1	5.898693954E1
4.500000000E-1	4.897507670E1	5.840031729E1
4.666666667E-1	4.898688683E1	5.784944571E1
4.833333333E-1	4.898157215E1	5.726285381E1
5.000000000E-1	4.899556296E1	5.672284825E1
5.166666667E-1	4.898885514E1	5.612061867E1
5.333333333E-1	4.900740534E1	5.557374844E1
5.500000000E-1	4.899349318E1	5.498040676E1
5.666666667E-1	4.901816182E1	5.443566205E1
5.833333333E-1	4.901213320E1	5.383739176E1
6.000000000E-1	4.900439712E1	5.323706683E1
6.166666667E-1	4.902808634E1	5.268716693E1
6.333333333E-1	4.900761454E1	5.209488501E1
6.500000000E-1	4.904813882E1	5.155761364E1
6.666666667E-1	4.905207345E1	5.096202508E1
6.833333333E-1	4.907258525E1	5.042293214E1
7.000000000E-1	4.905715086E1	4.985711459E1
7.166666667E-1	4.907942139E1	4.931153836E1
7.333333333E-1	4.907228245E1	4.873894732E1
7.500000000E-1	4.908707188E1	4.820250820E1
7.666666667E-1	4.909515420E1	4.768851771E1
7.833333333E-1	4.910708782E1	4.716112133E1
8.000000000E-1	4.909228099E1	4.661611318E1
8.166666667E-1	4.909901914E1	4.611390207E1
8.333333333E-1	4.910608677E1	4.562208151E1
8.500000000E-1	4.910553158E1	4.514143882E1
8.666666667E-1	4.910943749E1	4.466729389E1
8.833333333E-1	4.910748550E1	4.418732566E1
9.000000000E-1	4.910774207E1	4.372093293E1
9.166666667E-1	4.911920504E1	4.329804822E1
9.333333333E-1	4.911357059E1	4.287770915E1
9.500000000E-1	4.910842031E1	4.245682019E1
9.666666667E-1	4.911640607E1	4.206118283E1
9.833333333E-1	4.910835827E1	4.165038536E1
1.000000000E0	4.911818466E1	4.127633469E1
1.016666667E0	4.912145417E1	4.093001943E1
1.033333333E0	4.912351705E1	4.060379354E1
1.050000000E0	4.912369896E1	4.027996534E1
1.066666667E0	4.912329552E1	3.996577788E1
1.083333333E0	4.912248680E1	3.965669109E1
1.100000000E0	4.912062765E1	3.936629656E1
1.116666667E0	4.912930886E1	3.912472520E1
1.133333333E0	4.912313776E1	3.886679809E1
1.150000000E0	4.912833815E1	3.864756969E1
1.166666667E0	4.911720472E1	3.844867027E1
1.183333333E0	4.911956651E1	3.824245410E1
1.200000000E0	4.911919197E1	3.807760836E1
1.216666667E0	4.911999621E1	3.790836856E1
1.233333333E0	4.911958261E1	3.776940457E1
1.250000000E0	4.911914950E1	3.764193424E1
1.266666667E0	4.912451604E1	3.754573077E1
1.283333333E0	4.911972976E1	3.744285781E1
1.300000000E0	4.912482109E1	3.737713512E1
1.316666667E0	4.911781057E1	3.731731919E1
1.333333333E0	4.911555295E1	3.726998206E1
1.350000000E0	4.911639354E1	3.725844624E1
1.366666667E0	4.911650357E1	3.725722875E1
1.383333333E0	4.911664205E1	3.725656910E1
1.400000000E0	4.911454191E1	3.727674729E1
1.416666667E0	4.911959099E1	3.734632163E1
1.433333333E0	4.911282426E1	3.740614140E1
1.450000000E0	4.910652519E1	3.747793139E1
1.466666667E0	4.911231539E1	3.756672338E1
1.483333333E0	4.911383003E1	3.769551831E1
1.500000000E0	4.911464976E1	3.781569945E1
1.516666667E0	4.910575765E1	3.794647748E1
1.533333333E0	4.910749572E1	3.809479209E1
1.550000000E0	4.910492234E1	3.824029062E1
1.566666667E0	4.910401124E1	3.840898982E1
1.583333333E0	4.911242396E1	3.861577044E1
1.600000000E0	4.910937102E1	3.883631207E1
1.616666667E0	4.910545911E1	3.903312514E1
1.633333333E0	4.910787351E1	3.928643113E1
1.650000000E0	4.910214817E1	3.950948556E1
1.666666667E0	4.910541205E1	3.977714185E1
1.683333333E0	4.909581506E1	4.000850437E1
1.700000000E0	4.910010863E1	4.029829043E1
1.716666667E0	4.910180738E1	4.058171251E1
1.733333333E0	4.909052569E1	4.084734526E1
1.750000000E0	4.909322554E1	4.112899297E1
1.766666667E0	4.909215157E1	4.144351993E1
1.783333333E0	4.909334877E1	4.175890243E1
1.800000000E0	4.909341553E1	4.208046639E1
1.816666667E0	4.909135187E1	4.240558495E1
1.833333333E0	4.908758190E1	4.272899036E1
1.850000000E0	4.908908919E1	4.305266185E1
1.866666667E0	4.908404013E1	4.338226833E1
1.883333333E0	4.908538259E1	4.371399205E1
1.900000000E0	4.907754499E1	4.407437365E1
1.916666667E0	4.908791305E1	4.444504137E1
1.933333333E0	4.908983691E1	4.480583352E1
1.950000000E0	4.908324507E1	4.514589241E1
1.966666667E0	4.907691995E1	4.547853032E1
1.983333333E0	4.907239844E1	4.584114688E1
2.000000000E0	4.908808056E1	4.621567746E1
2.016666667E0	4.908082198E1	4.657484095E1
2.033333333E0	4.907637717E1	4.691915947E1
2.050000000E0	4.907560044E1	4.725836682E1
2.066666667E0	4.906521736E1	4.762618102E1
2.083333333E0	4.908758833E1	4.797846498E1
2.100000000E0	4.908318124E1	4.833554369E1
2.116666667E0	4.908200063E1	4.867689779E1
2.133333333E0	4.907588094E1	4.901196372E1
2.150000000E0	4.907106256E1	4.935235184E1
2.166666667E0	4.906036384E1	4.969267257E1
2.183333333E0	4.906152757E1	5.001312246E1
2.200000000E0	4.906409943E1	5.033660406E1
2.216666667E0	4.906194697E1	5.065317525E1
2.233333333E0	4.906866125E1	5.097525441E1
2.250000000E0	4.906934421E1	5.129031467E1
2.266666667E0	4.907180781E1	5.160329036E1
2.283333333E0	4.907198613E1	5.191276071E1
2.300000000E0	4.907659720E1	5.221764451E1
2.316666667E0	4.908438053E1	5.250857607E1
2.333333333E0	4.906195722E1	5.274853678E1
2.350000000E0	4.907189120E1	5.302864282E1
2.366666667E0	4.907744094E1	5.329767736E1
2.383333333E0	4.905765520E1	5.353556640E1
2.400000000E0	4.907617625E1	5.380957445E1
2.416666667E0	4.905487279E1	5.403485522E1
2.433333333E0	4.907239113E1	5.429324596E1
2.450000000E0	4.906077746E1	5.450239631E1
2.466666667E0	4.907453988E1	5.472884621E1
2.483333333E0	4.907113340E1	5.494495673E1
2.500000000E0	4.906811098E1	5.512578070E1
2.516666667E0	4.906515557E1	5.530688203E1
2.533333333E0	4.906326409E1	5.547943159E1
2.550000000E0	4.905455319E1	5.565051501E1
2.566666667E0	4.905470998E1	5.582206163E1
2.583333333E0	4.905723688E1	5.597993491E1
2.600000000E0	4.905920554E1	5.613158329E1
2.616666667E0	4.906205956E1	5.628170901E1
2.633333333E0	4.906939967E1	5.642025482E1
2.650000000E0	4.907707826E1	5.655994357E1
2.666666667E0	4.907907888E1	5.668027901E1
2.683333333E0	4.906421852E1	5.676780429E1
2.700000000E0	4.907737093E1	5.688416545E1
2.716666667E0	4.905675149E1	5.696900374E1
2.733333333E0	4.907568273E1	5.706030102E1
2.750000000E0	4.908268024E1	5.715276097E1
2.766666667E0	4.907203627E1	5.722601038E1
2.783333333E0	4.906149559E1	5.729877467E1
2.800000000E0	4.907754765E1	5.736763953E1
2.816666667E0	4.907148223E1	5.740983154E1
2.833333333E0	4.908599713E1	5.747452531E1
2.850000000E0	4.908268603E1	5.753467680E1
2.866666667E0	4.908042160E1	5.754963872E1
2.883333333E0	4.907011050E1	5.758744605E1
2.900000000E0	4.909087698E1	5.763617064E1
2.916666667E0	4.908737166E1	5.767354618E1
2.933333333E0	4.908866608E1	5.769433788E1
2.950000000E0	4.908436247E1	5.770602910E1
2.966666667E0	4.908083702E1	5.771929518E1
2.983333333E0	4.907724428E1	5.773294644E1
3.000000000E0	4.907178997E1	5.775936686E1
3.016666667E0	4.907050511E1	5.776694764E1
3.033333333E0	4.906971843E1	5.778018932E1
3.050000000E0	4.909216316E1	5.779994183E1
3.066666667E0	4.909285028E1	5.781735924E1
3.083333333E0	4.909239302E1	5.783160489E1
3.100000000E0	4.909296191E1	5.783631084E1
3.116666667E0	4.909174841E1	5.784502047E1
3.133333333E0	4.909047436E1	5.784959390E1
3.150000000E0	4.909188890E1	5.785716192E1
3.166666667E0	4.908833761E1	5.786634787E1
3.183333333E0	4.908696586E1	5.787106577E1
3.200000000E0	4.908694502E1	5.787389911E1
3.216666667E0	4.908328126E1	5.788360004E1
3.233333333E0	4.908315890E1	5.789360559E1
3.250000000E0	4.908104897E1	5.790902266E1
3.266666667E0	4.908006423E1	5.793351978E1
3.283333333E0	4.909361215E1	5.797828727E1
3.300000000E0	4.909459370E1	5.800652944E1
3.316666667E0	4.908952599E1	5.802632806E1
3.333333333E0	4.908474879E1	5.804768059E1
3.350000000E0	4.908063829E1	5.808592903E1
3.366666667E0	4.909686146E1	5.813977889E1
3.383333333E0	4.909095739E1	5.818459008E1
3.400000000E0	4.908551011E1	5.821035576E1
3.416666667E0	4.909563587E1	5.827380303E1
3.433333333E0	4.909285279E1	5.834155742E1
3.450000000E0	4.908328301E1	5.837701083E1
3.466666667E0	4.909665800E1	5.846998017E1
3.483333333E0	4.908936658E1	5.852115471E1
3.500000000E0	4.909869768E1	5.859620016E1
3.516666667E0	4.909359523E1	5.867374765E1
3.533333333E0	4.909901991E1	5.876328279E1
3.550000000E0	4.909171629E1	5.883675434E1
3.566666667E0	4.909868278E1	5.893723524E1
3.583333333E0	4.909156586E1	5.900668762E1
3.600000000E0	4.909862605E1	5.912671496E1
3.616666667E0	4.908180194E1	5.919514824E1
3.633333333E0	4.909208131E1	5.931477835E1
3.650000000E0	4.909796048E1	5.943735888E1
3.666666667E0	4.908116007E1	5.952415302E1
3.683333333E0	4.909199337E1	5.963756626E1
3.700000000E0	4.909400505E1	5.976673084E1
3.716666667E0	4.909774099E1	5.990126777E1
3.733333333E0	4.908578908E1	5.999061487E1
3.750000000E0	4.909126380E1	6.013097270E1
3.766666667E0	4.909607863E1	6.027345400E1
3.783333333E0	4.909364635E1	6.041215663E1
3.800000000E0	4.909571186E1	6.055787306E1
3.816666667E0	4.907821841E1	6.067193452E1
3.833333333E0	4.908348312E1	6.079846351E1
3.850000000E0	4.908538882E1	6.095070674E1
3.866666667E0	4.908878764E1	6.109499715E1
3.883333333E0	4.909336612E1	6.124914425E1
3.900000000E0	4.909151858E1	6.139850000E1
3.916666667E0	4.909379191E1	6.154951938E1
3.933333333E0	4.909557573E1	6.169445014E1
3.950000000E0	4.909739591E1	6.181841692E1
3.966666667E0	4.908064849E1	6.194989063E1
3.983333333E0	4.908441786E1	6.207695646E1
4.000000000E0	4.909155975E1	6.221706823E1
4.016666667E0	4.909272881E1	6.236559518E1
4.033333333E0	4.909338183E1	6.249341818E1
4.050000000E0	4.909718608E1	6.264151170E1
4.066666667E0	4.908164721E1	6.273036135E1
4.083333333E0	4.909115367E1	6.286639040E1
4.100000000E0	4.909504814E1	6.299809336E1
4.116666667E0	4.909602563E1	6.310256507E1
4.133333333E0	4.908627921E1	6.320543068E1
4.150000000E0	4.909491855E1	6.333000284E1
4.166666667E0	4.910008173E1	6.343312349E1
4.183333333E0	4.909125106E1	6.351387889E1
4.200000000E0	4.909571451E1	6.361967076E1
4.216666667E0	4.909075372E1	6.368044131E1
4.233333333E0	4.909794689E1	6.378315054E1
4.250000000E0	4.909185002E1	6.383487193E1
4.266666667E0	4.908340192E1	6.389362216E1
4.283333333E0	4.909737253E1	6.394463680E1
4.300000000E0	4.909353464E1	6.398798344E1
4.316666667E0	4.909145526E1	6.399885669E1
4.333333333E0	4.908916470E1	6.401855780E1
4.350000000E0	4.909107404E1	6.402102626E1
4.366666667E0	4.909008759E1	6.402212600E1
4.383333333E0	4.908980178E1	6.402267585E1
4.400000000E0	4.909138908E1	6.401440712E1
4.416666667E0	4.909591010E1	6.399239279E1
4.433333333E0	4.910126413E1	6.396512825E1
4.450000000E0	4.908466239E1	6.389327073E1
4.466666667E0	4.909729614E1	6.383092420E1
4.483333333E0	4.910149846E1	6.376873833E1
4.500000000E0	4.909737040E1	6.367219092E1
4.516666667E0	4.908634854E1	6.357336772E1
4.533333333E0	4.910035762E1	6.347924158E1
4.550000000E0	4.909837116E1	6.333924253E1
4.566666667E0	4.909722389E1	6.318822647E1
4.583333333E0	4.909529663E1	6.303312048E1
4.600000000E0	4.909598907E1	6.287314090E1
4.616666667E0	4.909919131E1	6.270596745E1
4.633333333E0	4.910268278E1	6.253397025E1
4.650000000E0	4.910471499E1	6.233882307E1
4.666666667E0	4.909367825E1	6.210119215E1
4.683333333E0	4.910268320E1	6.189221942E1
4.700000000E0	4.910719211E1	6.167881152E1
4.716666667E0	4.910212132E1	6.141806189E1
4.733333333E0	4.909533160E1	6.114020125E1
4.750000000E0	4.910663829E1	6.087706157E1
4.766666667E0	4.910885354E1	6.058870796E1
4.783333333E0	4.910710094E1	6.027527042E1
4.800000000E0	4.910770694E1	5.995786895E1
4.816666667E0	4.910816800E1	5.963853867E1
4.833333333E0	4.911090842E1	5.931630727E1
4.850000000E0	4.911254766E1	5.898757115E1
4.866666667E0	4.911519099E1	5.862406799E1
4.883333333E0	4.910766585E1	5.822020206E1
4.900000000E0	4.911430673E1	5.785300792E1
4.916666667E0	4.911970309E1	5.746660560E1
4.933333333E0	4.911533132E1	5.706593238E1
4.950000000E0	4.912088557E1	5.667446270E1
4.966666667E0	4.911878808E1	5.625187189E1
4.983333333E0	4.911547957E1	5.580226197E1
5.000000000E0	4.912402473E1	5.539526990E1
5.016666667E0	4.912058149E1	5.495955609E1
5.033333333E0	4.911999027E1	5.449313280E1
5.050000000E0	4.911948008E1	5.402774885E1
5.066666667E0	4.912057915E1	5.355021745E1
5.083333333E0	4.912132635E1	5.307617718E1
5.100000000E0	4.913932320E1	5.263061854E1
5.116666667E0	4.913690494E1	5.216832611E1
5.133333333E0	4.913816721E1	5.168736814E1
5.150000000E0	4.913936403E1	5.118817069E1
5.166666667E0	4.912943267E1	5.068700844E1
5.183333333E0	4.912860041E1	5.019808630E1
5.200000000E0	4.913072579E1	4.969995289E1
5.216666667E0	4.913601649E1	4.918885581E1
5.233333333E0	4.913634274E1	4.869118522E1
5.250000000E0	4.914169379E1	4.819725789E1
5.266666667E0	4.914338199E1	4.771401479E1
5.283333333E0	4.914849949E1	4.722204512E1
5.300000000E0	4.915350942E1	4.672518830E1
5.316666667E0	4.915831804E1	4.622752233E1
5.333333333E0	4.917024712E1	4.573560970E1
5.350000000E0	4.916717315E1	4.526167907E1
5.366666667E0	4.916510404E1	4.478254640E1
5.383333333E0	4.916860602E1	4.429696239E1
5.400000000E0	4.916908677E1	4.381522551E1
5.416666667E0	4.916614402E1	4.334306029E1
5.433333333E0	4.916456860E1	4.287921411E1
5.450000000E0	4.916779854E1	4.242299563E1
5.466666667E0	4.916596638E1	4.198592742E1
5.483333333E0	4.918814726E1	4.154127296E1
5.500000000E0	4.917979935E1	4.111062454E1
5.516666667E0	4.916582972E1	4.068905804E1
5.533333333E0	4.917377923E1	4.029180049E1
5.550000000E0	4.916440001E1	3.988652609E1
5.566666667E0	4.916921150E1	3.949060034E1
5.583333333E0	4.918707296E1	3.911804973E1
5.600000000E0	4.916463700E1	3.874161121E1
5.616666667E0	4.916753618E1	3.839498551E1
5.633333333E0	4.916753581E1	3.806955875E1
5.650000000E0	4.916700660E1	3.774278463E1
5.666666667E0	4.917001666E1	3.742949877E1
5.683333333E0	4.916389551E1	3.711841878E1
5.700000000E0	4.918062062E1	3.685199772E1
5.716666667E0	4.917048449E1	3.659495622E1
5.733333333E0	4.915838202E1	3.633526950E1
5.750000000E0	4.916606222E1	3.610924992E1
5.766666667E0	4.917132311E1	3.589883444E1
5.783333333E0	4.915643842E1	3.570747915E1
5.800000000E0	4.915812171E1	3.551929975E1
5.816666667E0	4.915572027E1	3.535070000E1
5.833333333E0	4.915935582E1	3.519551235E1
5.850000000E0	4.916979723E1	3.507327957E1
5.866666667E0	4.916052340E1	3.497102249E1
5.883333333E0	4.915072558E1	3.486645384E1
5.900000000E0	4.915482480E1	3.479930651E1
5.916666667E0	4.914701436E1	3.474436649E1
5.933333333E0	4.915033758E1	3.469988914E1
5.950000000E0	4.914881432E1	3.469095244E1
5.966666667E0	4.914619967E1	3.468972743E1
5.983333333E0	4.914438282E1	3.470242203E1
6.000000000E0	4.915264651E1	3.476817418E1
6.016666667E0	4.914405358E1	3.482880265E1
6.033333333E0	4.915066254E1	3.490916969E1
6.050000000E0	4.913986374E1	3.500360164E1
6.066666667E0	4.913956176E1	3.512947809E1
6.083333333E0	4.914220433E1	3.528703188E1
6.100000000E0	4.914086431E1	3.544606403E1
6.116666667E0	4.913901215E1	3.561329157E1
6.133333333E0	4.913263897E1	3.580402575E1
6.150000000E0	4.912952152E1	3.600004634E1
6.166666667E0	4.913386298E1	3.625291889E1
6.183333333E0	4.912862661E1	3.646718148E1
6.200000000E0	4.912818197E1	3.674483819E1
6.216666667E0	4.913015074E1	3.705073791E1
6.233333333E0	4.912983925E1	3.735491886E1
6.250000000E0	4.912784290E1	3.767180899E1
6.266666667E0	4.912476579E1	3.800347583E1
6.283333333E0	4.912267307E1	3.834623273E1
6.300000000E0	4.911914043E1	3.869549490E1
6.316666667E0	4.911484503E1	3.905712712E1
6.333333333E0	4.911890500E1	3.947780798E1
6.350000000E0	4.911393787E1	3.985301448E1
6.366666667E0	4.911413773E1	4.029778356E1
6.383333333E0	4.911899118E1	4.072786108E1
6.400000000E0	4.910795074E1	4.114784873E1
6.416666667E0	4.911130801E1	4.161022925E1
6.433333333E0	4.911022911E1	4.209023647E1
6.450000000E0	4.910972472E1	4.257413748E1
6.466666667E0	4.911041480E1	4.305755695E1
6.483333333E0	4.910704239E1	4.354630860E1
6.500000000E0	4.910333742E1	4.405442542E1
6.516666667E0	4.911088923E1	4.461557918E1
6.533333333E0	4.910849135E1	4.513209516E1
6.550000000E0	4.910434915E1	4.563187274E1
6.566666667E0	4.909688270E1	4.618221289E1
6.583333333E0	4.910646441E1	4.673869126E1
6.600000000E0	4.909752530E1	4.728209016E1
6.616666667E0	4.910784343E1	4.785289604E1
6.633333333E0	4.910263622E1	4.838435657E1
6.650000000E0	4.910877700E1	4.896988232E1
6.666666667E0	4.909914511E1	4.951848702E1
6.683333333E0	4.910601767E1	5.010202162E1
6.700000000E0	4.909974960E1	5.064181305E1
6.716666667E0	4.910570668E1	5.123151474E1
6.733333333E0	4.909567678E1	5.179358148E1
6.750000000E0	4.910352594E1	5.237569222E1
6.766666667E0	4.909505707E1	5.291897086E1
6.783333333E0	4.910243057E1	5.349749383E1
6.800000000E0	4.909339176E1	5.404982045E1
6.816666667E0	4.910061460E1	5.462266394E1
6.833333333E0	4.909399412E1	5.515367579E1
6.850000000E0	4.910346000E1	5.571926557E1
6.866666667E0	4.909624179E1	5.626229976E1
6.883333333E0	4.908634266E1	5.680802249E1
6.900000000E0	4.910328451E1	5.732781695E1
6.916666667E0	4.909724335E1	5.785523683E1
6.933333333E0	4.908914372E1	5.836897960E1
6.950000000E0	4.908593902E1	5.888054406E1
6.966666667E0	4.908235040E1	5.937459967E1
6.983333333E0	4.908249929E1	5.985645999E1
7.000000000E0	4.908176225E1	6.033598878E1
7.016666667E0	4.908246303E1	6.080912726E1
7.033333333E0	4.908683987E1	6.127758832E1
7.050000000E0	4.908741675E1	6.172811743E1
7.066666667E0	4.909210689E1	6.215986638E1
7.083333333E0	4.907865742E1	6.257065329E1
7.100000000E0	4.908780068E1	6.299648929E1
7.116666667E0	4.907437334E1	6.338915104E1
7.133333333E0	4.908928804E1	6.379379665E1
7.150000000E0	4.908065860E1	6.415475751E1
7.166666667E0	4.907341173E1	6.449969803E1
7.183333333E0	4.907353752E1	6.482168419E1
7.200000000E0	4.907465802E1	6.515391533E1
7.216666667E0	4.907331534E1	6.547584789E1
7.233333333E0	4.907741279E1	6.578428284E1
7.250000000E0	4.908408564E1	6.608121307E1
7.266666667E0	4.908764556E1	6.635511086E1
7.283333333E0	4.907672978E1	6.658278855E1
7.300000000E0	4.908545808E1	6.683234499E1
7.316666667E0	4.908215967E1	6.704369308E1
7.333333333E0	4.907315220E1	6.723097656E1
7.350000000E0	4.906140332E1	6.742014847E1
7.366666667E0	4.906744023E1	6.758641520E1
7.383333333E0	4.907091998E1	6.774646959E1
7.400000000E0	4.907445030E1	6.788470107E1
7.416666667E0	4.908454681E1	6.801252143E1
7.433333333E0	4.908822903E1	6.813488420E1
7.450000000E0	4.907897349E1	6.820672306E1
7.466666667E0	4.908829349E1	6.830729507E1
7.483333333E0	4.908115784E1	6.835501950E1
7.500000000E0	4.907456080E1	6.840393281E1
7.516666667E0	4.909357478E1	6.843615123E1
7.533333333E0	4.909245757E1	6.846495482E1
7.550000000E0	4.909165515E1	6.846685196E1
7.566666667E0	4.909136628E1	6.846050849E1
7.583333333E0	4.909641797E1	6.842727377E1
7.600000000E0	4.908606950E1	6.835576441E1
7.616666667E0	4.909436633E1	6.831769956E1
7.633333333E0	4.908416715E1	6.822118979E1
7.650000000E0	4.909431809E1	6.816120959E1
7.666666667E0	4.908358167E1	6.804718229E1
7.683333333E0	4.909710748E1	6.797061339E1
7.700000000E0	4.909488956E1	6.784028281E1
7.716666667E0	4.909428120E1	6.768779330E1
7.733333333E0	4.909552157E1	6.753641282E1
7.750000000E0	4.909353883E1	6.738373907E1
7.766666667E0	4.909439167E1	6.722044667E1
7.783333333E0	4.909580077E1	6.705727474E1
7.800000000E0	4.909688794E1	6.688090137E1
7.816666667E0	4.910180298E1	6.670252567E1
7.833333333E0	4.910257896E1	6.649975490E1
7.850000000E0	4.909497081E1	6.626694164E1
7.866666667E0	4.910268948E1	6.606596066E1
7.883333333E0	4.909307227E1	6.581198141E1
7.900000000E0	4.910309390E1	6.558832725E1
7.916666667E0	4.909443276E1	6.533188527E1
7.933333333E0	4.910496592E1	6.510540292E1
7.950000000E0	4.909773596E1	6.483545908E1
7.966666667E0	4.910500297E1	6.461046968E1
7.983333333E0	4.910129691E1	6.433445958E1
8.000000000E0	4.911074109E1	6.409746363E1
8.016666667E0	4.910732486E1	6.382480954E1
8.033333333E0	4.910412643E1	6.353171942E1
8.050000000E0	4.910263114E1	6.324120328E1
8.066666667E0	4.911264283E1	6.299669519E1
8.083333333E0	4.910968734E1	6.269844499E1
8.100000000E0	4.911093373E1	6.239938613E1
8.116666667E0	4.911695606E1	6.215584175E1
8.133333333E0	4.911416575E1	6.187975400E1
8.150000000E0	4.911238150E1	6.158224833E1
8.166666667E0	4.910760298E1	6.129472879E1
8.183333333E0	4.911669156E1	6.102475773E1
8.200000000E0	4.911811679E1	6.075041242E1
8.216666667E0	4.911225543E1	6.044864156E1
8.233333333E0	4.911236434E1	6.015538593E1
8.250000000E0	4.912085346E1	5.992486937E1
8.266666667E0	4.911587275E1	5.963790138E1
8.283333333E0	4.911188181E1	5.935926705E1
8.300000000E0	4.911996716E1	5.912400440E1
8.316666667E0	4.911671558E1	5.884136158E1
8.333333333E0	4.911393549E1	5.855224630E1
8.350000000E0	4.912159999E1	5.832294519E1
8.366666667E0	4.911639822E1	5.804378563E1
8.383333333E0	4.912360947E1	5.781488691E1
8.400000000E0	4.911910442E1	5.755221689E1
8.416666667E0	4.912516127E1	5.733567323E1
8.433333333E0	4.911728626E1	5.708028372E1
8.450000000E0	4.912233792E1	5.687964676E1
8.466666667E0	4.911461409E1	5.663308291E1
8.483333333E0	4.912074301E1	5.641570044E1
8.500000000E0	4.912825013E1	5.621340549E1
8.516666667E0	4.911756160E1	5.597272228E1
8.533333333E0	4.912220002E1	5.577612150E1
8.550000000E0	4.912418732E1	5.559476195E1
8.566666667E0	4.912642196E1	5.541929822E1
8.583333333E0	4.912774781E1	5.521685274E1
8.600000000E0	4.911599876E1	5.504291363E1
8.616666667E0	4.911776867E1	5.485226121E1
8.633333333E0	4.911810660E1	5.467957868E1
8.650000000E0	4.911808455E1	5.451488607E1
8.666666667E0	4.911867946E1	5.435593625E1
8.683333333E0	4.911947527E1	5.419913365E1
8.700000000E0	4.911927217E1	5.405875273E1
8.716666667E0	4.913131085E1	5.391761456E1
8.733333333E0	4.912775473E1	5.381181741E1
8.750000000E0	4.912425004E1	5.366679923E1
8.766666667E0	4.912220800E1	5.353013150E1
8.783333333E0	4.911969842E1	5.339797537E1
8.800000000E0	4.912859472E1	5.330854938E1
8.816666667E0	4.912401528E1	5.319029449E1
8.833333333E0	4.912091306E1	5.305815497E1
8.850000000E0	4.912770316E1	5.299156388E1
8.866666667E0	4.912299484E1	5.287926703E1
8.883333333E0	4.911646273E1	5.278632826E1
8.900000000E0	4.912493600E1	5.270309960E1
8.916666667E0	4.911862905E1	5.260248754E1
8.933333333E0	4.912479629E1	5.253474714E1
8.950000000E0	4.911905853E1	5.243170592E1
8.966666667E0	4.912426590E1	5.237388765E1
8.983333333E0	4.911822585E1	5.227333839E1
9.000000000E0	4.912507645E1	5.221368066E1
9.016666667E0	4.911859412E1	5.212002023E1
9.033333333E0	4.912378279E1	5.205983632E1
9.050000000E0	4.912943141E1	5.199510285E1
9.066666667E0	4.912121698E1	5.191551516E1
9.083333333E0	4.912576422E1	5.186896059E1
9.100000000E0	4.911919931E1	5.177054081E1
9.116666667E0	4.912463315E1	5.172393921E1
9.133333333E0	4.911669949E1	5.163174775E1
9.150000000E0	4.912225080E1	5.157441983E1
9.166666667E0	4.912694351E1	5.150527894E1
9.183333333E0	4.911951781E1	5.142441538E1
9.200000000E0	4.912602663E1	5.137144346E1
9.216666667E0	4.911774285E1	5.127660715E1
9.233333333E0	4.912512874E1	5.122370803E1
9.250000000E0	4.911907496E1	5.112225850E1
9.266666667E0	4.912479360E1	5.107277755E1
9.283333333E0	4.911848227E1	5.096154203E1
9.300000000E0	4.912385409E1	5.090638586E1
9.316666667E0	4.911680803E1	5.079701051E1
9.333333333E0	4.912639251E1	5.072862870E1
9.350000000E0	4.912005374E1	5.062475026E1
9.366666667E0	4.912814818E1	5.053878505E1
9.383333333E0	4.912136250E1	5.044855805E1
9.400000000E0	4.911812846E1	5.033351985E1
9.416666667E0	4.912474921E1	5.025368901E1
9.433333333E0	4.911929781E1	5.013458433E1
9.450000000E0	4.911734104E1	5.000644106E1
9.466666667E0	4.912673815E1	4.991608032E1
9.483333333E0	4.912532318E1	4.979626329E1
9.500000000E0	4.912132480E1	4.964917991E1
9.516666667E0	4.911658619E1	4.951144218E1
9.533333333E0	4.911871505E1	4.936497882E1
9.550000000E0	4.911665886E1	4.922722988E1
9.566666667E0	4.913053472E1	4.908428458E1
9.583333333E0	4.912622076E1	4.895624536E1
9.600000000E0	4.912511253E1	4.880742372E1
9.616666667E0	4.912636131E1	4.865235122E1
9.633333333E0	4.912572826E1	4.849421869E1
9.650000000E0	4.912647117E1	4.833142545E1
9.666666667E0	4.912864993E1	4.816703455E1
9.683333333E0	4.912871204E1	4.800318967E1
9.700000000E0	4.912854845E1	4.783358698E1
9.716666667E0	4.913020885E1	4.764768125E1
9.733333333E0	4.911980922E1	4.746458258E1
9.750000000E0	4.912309284E1	4.725649353E1
9.766666667E0	4.912670505E1	4.707777113E1
9.783333333E0	4.912754653E1	4.688908450E1
9.800000000E0	4.913184665E1	4.670176214E1
9.816666667E0	4.912339626E1	4.647436594E1
9.833333333E0	4.912469055E1	4.627503267E1
9.850000000E0	4.912988823E1	4.609067409E1
9.866666667E0	4.913416930E1	4.588452431E1
9.883333333E0	4.912403079E1	4.566701853E1
9.900000000E0	4.912998110E1	4.546500424E1
9.916666667E0	4.913228876E1	4.527689268E1
9.933333333E0	4.914094309E1	4.506652077E1
9.950000000E0	4.912966175E1	4.483929099E1
9.966666667E0	4.913633038E1	4.464544279E1
9.983333333E0	4.913839080E1	4.444619392E1
1.000000000E1	4.912872417E1	4.421568374E1
1.001666667E1	4.913146281E1	4.400956709E1
1.003333333E1	4.913668886E1	4.381925367E1
1.005000000E1	4.912832356E1	4.359431267E1
1.006666667E1	4.913213331E1	4.339440312E1
1.008333333E1	4.913557439E1	4.320229267E1
1.010000000E1	4.914055344E1	4.302264065E1
1.011666667E1	4.914282108E1	4.284390816E1
1.013333333E1	4.914336012E1	4.266392730E1
1.015000000E1	4.913307902E1	4.246525470E1
1.016666667E1	4.913503730E1	4.227202385E1
1.018333333E1	4.913888581E1	4.209982817E1
1.020000000E1	4.913760553E1	4.193118277E1
1.021666667E1	4.913721235E1	4.176361197E1
1.023333333E1	4.913807651E1	4.160317417E1
1.025000000E1	4.913707047E1	4.144419414E1
1.026666667E1	4.913555992E1	4.129999970E1
1.028333333E1	4.913514777E1	4.115924902E1
1.030000000E1	4.914255017E1	4.105835706E1
1.031666667E1	4.914191647E1	4.093789516E1
1.033333333E1	4.913963817E1	4.080801066E1
1.035000000E1	4.914813593E1	4.073723739E1
1.036666667E1	4.913913915E1	4.062930700E1
1.038333333E1	4.914696113E1	4.055540333E1
1.040000000E1	4.913560748E1	4.047789924E1
1.041666667E1	4.914235302E1	4.042778705E1
1.043333333E1	4.913410555E1	4.035836779E1
1.045000000E1	4.913481929E1	4.031566154E1
1.046666667E1	4.913616908E1	4.030330327E1
1.048333333E1	4.913744112E1	4.029503567E1
1.050000000E1	4.913750957E1	4.028601605E1
1.051666667E1	4.913618316E1	4.028817350E1
1.053333333E1	4.913445059E1	4.029582507E1
1.055000000E1	4.913138969E1	4.032838014E1
1.056666667E1	4.912833310E1	4.036715340E1
1.058333333E1	4.913316433E1	4.044689262E1
1.060000000E1	4.912874406E1	4.050401437E1
1.061666667E1	4.913343854E1	4.060356794E1
1.063333333E1	4.912732292E1	4.068066404E1
1.065000000E1	4.912779059E1	4.079163506E1
1.066666667E1	4.912967687E1	4.093257922E1
1.068333333E1	4.913087210E1	4.108528488E1
1.070000000E1	4.913031308E1	4.124296168E1
1.071666667E1	4.913052890E1	4.140569900E1
1.073333333E1	4.912603425E1	4.158801404E1
1.075000000E1	4.912430453E1	4.176935242E1
1.076666667E1	4.913112083E1	4.201431959E1
1.078333333E1	4.912437212E1	4.223675609E1
1.080000000E1	4.912015183E1	4.246153718E1
1.081666667E1	4.912278329E1	4.271741360E1
1.083333333E1	4.912736716E1	4.299555058E1
1.085000000E1	4.911885887E1	4.324810623E1
1.086666667E1	4.911970742E1	4.354214783E1
1.088333333E1	4.911916827E1	4.386065808E1
1.090000000E1	4.911938653E1	4.418352297E1
1.091666667E1	4.911741115E1	4.451478456E1
1.093333333E1	4.911305813E1	4.487167837E1
1.095000000E1	4.912050452E1	4.525789675E1
1.096666667E1	4.911859192E1	4.561986123E1
1.098333333E1	4.911411376E1	4.598397667E1
1.100000000E1	4.911814870E1	4.640886475E1
1.101666667E1	4.911102383E1	4.679812128E1
1.103333333E1	4.911433806E1	4.723007464E1
1.105000000E1	4.911640964E1	4.768663139E1
1.106666667E1	4.910774279E1	4.809179182E1
1.108333333E1	4.911023176E1	4.853908395E1
1.110000000E1	4.911229002E1	4.901376453E1
1.111666667E1	4.911146407E1	4.949518522E1
1.113333333E1	4.911081438E1	4.997699215E1
1.115000000E1	4.911051529E1	5.045652488E1
1.116666667E1	4.910881262E1	5.094517458E1
1.118333333E1	4.910655472E1	5.144712539E1
1.120000000E1	4.909887730E1	5.197314307E1
1.121666667E1	4.911277052E1	5.250442631E1
1.123333333E1	4.911008011E1	5.301323081E1
1.125000000E1	4.910543842E1	5.352815166E1
1.126666667E1	4.911268549E1	5.409034368E1
1.128333333E1	4.910537171E1	5.462687895E1
1.130000000E1	4.910540565E1	5.513693170E1
1.131666667E1	4.909756159E1	5.567943048E1
1.133333333E1	4.910446540E1	5.623813828E1
1.135000000E1	4.909864186E1	5.677421525E1
1.136666667E1	4.910708803E1	5.733312445E1
1.138333333E1	4.910298445E1	5.786821130E1
1.140000000E1	4.909182183E1	5.841651834E1
1.141666667E1	4.910256369E1	5.897882355E1
1.143333333E1	4.909769288E1	5.950743826E1
1.145000000E1	4.909189117E1	6.003406692E1
1.146666667E1	4.910161635E1	6.058946927E1
1.148333333E1	4.909381393E1	6.111871629E1
1.150000000E1	4.910388856E1	6.166241251E1
1.151666667E1	4.910212370E1	6.218571829E1
1.153333333E1	4.909517810E1	6.269322804E1
1.155000000E1	4.909345482E1	6.320694740E1
1.156666667E1	4.908925325E1	6.371139185E1
1.158333333E1	4.908809700E1	6.420356593E1
1.160000000E1	4.908974829E1	6.468250449E1
1.161666667E1	4.908848748E1	6.516519641E1
1.163333333E1	4.908997713E1	6.564727118E1
1.165000000E1	4.909014048E1	6.611601366E1
1.166666667E1	4.909319107E1	6.656583078E1
1.168333333E1	4.909820564E1	6.701485128E1
1.170000000E1	4.908750101E1	6.740880392E1
1.171666667E1	4.909791987E1	6.784076957E1
1.173333333E1	4.908083693E1	6.824744118E1
1.175000000E1	4.909493398E1	6.864856202E1
1.176666667E1	4.908906060E1	6.900998053E1
1.178333333E1	4.908491397E1	6.935358660E1
1.180000000E1	4.908435166E1	6.969990401E1
1.181666667E1	4.908504849E1	7.002736622E1
1.183333333E1	4.909898885E1	7.035388251E1
1.185000000E1	4.908025025E1	7.066361086E1
1.186666667E1	4.909066251E1	7.092673055E1
1.188333333E1	4.909727067E1	7.121017218E1
1.190000000E1	4.908777208E1	7.143154074E1
1.191666667E1	4.909877435E1	7.167914346E1
1.193333333E1	4.909321223E1	7.187792674E1
1.195000000E1	4.909144524E1	7.205243262E1
1.196666667E1	4.909170235E1	7.222021341E1
1.198333333E1	4.909144538E1	7.237954287E1
1.200000000E1	4.909338700E1	7.252360712E1
1.201666667E1	4.909641012E1	7.264496020E1
1.203333333E1	4.908854811E1	7.271750075E1
1.205000000E1	4.909680318E1	7.282214112E1
1.206666667E1	4.909250987E1	7.286907303E1
1.208333333E1	4.908774139E1	7.288820617E1
1.210000000E1	4.908606565E1	7.291277133E1
1.211666667E1	4.908742248E1	7.290820997E1
1.213333333E1	4.909197680E1	7.288796358E1
1.215000000E1	4.909699199E1	7.284673648E1
1.216666667E1	4.910403992E1	7.280241642E1
1.218333333E1	4.909752803E1	7.270216352E1
1.220000000E1	4.910612382E1	7.261112191E1
1.221666667E1	4.910624235E1	7.249999797E1
1.223333333E1	4.910656131E1	7.234947656E1
1.225000000E1	4.910585269E1	7.219083695E1
1.226666667E1	4.910638022E1	7.202302392E1
1.228333333E1	4.910817492E1	7.183513698E1
1.230000000E1	4.909900042E1	7.159931398E1
1.231666667E1	4.910480976E1	7.138888305E1
1.233333333E1	4.909772596E1	7.112825121E1
1.235000000E1	4.910941591E1	7.088690160E1
1.236666667E1	4.910940042E1	7.058083174E1
1.238333333E1	4.910800426E1	7.026781755E1
1.240000000E1	4.910890624E1	6.994834157E1
1.241666667E1	4.910867039E1	6.962425824E1
1.243333333E1	4.911043299E1	6.929316015E1
1.245000000E1	4.911394279E1	6.893512172E1
1.246666667E1	4.910678452E1	6.852990808E1
1.248333333E1	4.911387863E1	6.815623213E1
1.250000000E1	4.910981739E1	6.772152731E1
1.251666667E1	4.911801436E1	6.733374796E1
1.253333333E1	4.911474150E1	6.689067629E1
1.255000000E1	4.911065643E1	6.643976464E1
1.256666667E1	4.910954173E1	6.598039401E1
1.258333333E1	4.911144697E1	6.551515664E1
1.260000000E1	4.912544638E1	6.504112813E1
1.261666667E1	4.912649536E1	6.457068618E1
1.263333333E1	4.912775933E1	6.409380852E1
1.265000000E1	4.911615028E1	6.356114270E1
1.266666667E1	4.912360713E1	6.303410620E1
1.268333333E1	4.912761729E1	6.253095749E1
1.270000000E1	4.913300039E1	6.202552456E1
1.271666667E1	4.912236762E1	6.148864568E1
1.273333333E1	4.912795386E1	6.092960591E1
1.275000000E1	4.914201618E1	6.040317615E1
1.276666667E1	4.913201281E1	5.982598460E1
1.278333333E1	4.913885235E1	5.930863599E1
1.280000000E1	4.915260238E1	5.875534926E1
1.281666667E1	4.914194253E1	5.818900438E1
1.283333333E1	4.916447414E1	5.763476390E1
1.285000000E1	4.914599728E1	5.707322694E1
1.286666667E1	4.915739408E1	5.654706887E1
1.288333333E1	4.914726952E1	5.595750252E1
1.290000000E1	4.916010477E1	5.541966510E1
1.291666667E1	4.915206192E1	5.485815741E1
1.293333333E1	4.915973740E1	5.431950154E1
1.295000000E1	4.917678135E1	5.377775517E1
1.296666667E1	4.916349928E1	5.321337200E1
1.298333333E1	4.917442841E1	5.269617001E1
1.300000000E1	4.918609927E1	5.218139444E1
1.301666667E1	4.916173998E1	5.161728688E1
1.303333333E1	4.916774377E1	5.110683313E1
1.305000000E1	4.917986053E1	5.060286196E1
1.306666667E1	4.917871021E1	5.011054482E1
1.308333333E1	4.918700253E1	4.962017505E1
1.310000000E1	4.918554263E1	4.912195922E1
1.311666667E1	4.918785299E1	4.863245533E1
1.313333333E1	4.918590903E1	4.815916393E1
1.315000000E1	4.917527450E1	4.769544041E1
1.316666667E1	4.916785026E1	4.724639147E1
1.318333333E1	4.916196499E1	4.679736325E1
1.320000000E1	4.917761909E1	4.637440916E1
1.321666667E1	4.916707796E1	4.594912992E1
1.323333333E1	4.917021216E1	4.555603669E1
1.325000000E1	4.915718862E1	4.515622819E1
1.326666667E1	4.916419841E1	4.478722062E1
1.328333333E1	4.916617678E1	4.442253364E1
1.330000000E1	4.915553185E1	4.404724602E1
1.331666667E1	4.914914941E1	4.370505282E1
1.333333333E1	4.915508162E1	4.337674295E1
1.335000000E1	4.915165185E1	4.306109816E1
1.336666667E1	4.914553767E1	4.276152269E1
1.338333333E1	4.916034652E1	4.251004916E1
1.340000000E1	4.914707697E1	4.223670773E1
1.341666667E1	4.914127864E1	4.197429427E1
1.343333333E1	4.914889101E1	4.173391162E1
1.345000000E1	4.913968868E1	4.148776900E1
1.346666667E1	4.914460782E1	4.127402356E1
1.348333333E1	4.914626364E1	4.109640154E1
1.350000000E1	4.914902404E1	4.091917155E1
1.351666667E1	4.914566437E1	4.075909245E1
1.353333333E1	4.914429585E1	4.060434506E1
1.355000000E1	4.913991717E1	4.047448258E1
1.356666667E1	4.913644578E1	4.033941269E1
1.358333333E1	4.914636836E1	4.025671741E1
1.360000000E1	4.913750635E1	4.015393887E1
1.361666667E1	4.914348585E1	4.008783790E1
1.363333333E1	4.913358656E1	4.000008294E1
1.365000000E1	4.913657120E1	3.996549690E1
1.366666667E1	4.913982150E1	3.993940069E1
1.368333333E1	4.914118288E1	3.992041114E1
1.370000000E1	4.914034469E1	3.991501504E1
1.371666667E1	4.914007396E1	3.991779196E1
1.373333333E1	4.913870711E1	3.993049918E1
1.375000000E1	4.913343740E1	3.996352003E1
1.376666667E1	4.912918845E1	3.999361060E1
1.378333333E1	4.913601415E1	4.006530005E1
1.380000000E1	4.913121729E1	4.013433549E1
1.381666667E1	4.912409785E1	4.019347086E1
1.383333333E1	4.913109179E1	4.029361306E1
1.385000000E1	4.912255111E1	4.038093252E1
1.386666667E1	4.912728220E1	4.048027517E1
1.388333333E1	4.912961192E1	4.061423022E1
1.390000000E1	4.913142056E1	4.075162773E1
1.391666667E1	4.913437423E1	4.088877441E1
1.393333333E1	4.912256387E1	4.102367344E1
1.395000000E1	4.912393474E1	4.116367703E1
1.396666667E1	4.912295915E1	4.132935768E1
1.398333333E1	4.912161639E1	4.150063630E1
1.400000000E1	4.913133834E1	4.169363484E1
1.401666667E1	4.912766580E1	4.188837007E1
1.403333333E1	4.912493495E1	4.207729475E1
1.405000000E1	4.912405280E1	4.225562994E1
1.406666667E1	4.911769975E1	4.245843978E1
1.408333333E1	4.912722769E1	4.269317264E1
1.410000000E1	4.912386348E1	4.288171800E1
1.411666667E1	4.912118664E1	4.307943350E1
1.413333333E1	4.912804183E1	4.332754322E1
1.415000000E1	4.912277572E1	4.353267749E1
1.416666667E1	4.911819579E1	4.374711548E1
1.418333333E1	4.912385526E1	4.399518306E1
1.420000000E1	4.911784824E1	4.420400730E1
1.421666667E1	4.912353992E1	4.446475005E1
1.423333333E1	4.911807064E1	4.467171418E1
1.425000000E1	4.912282783E1	4.492657248E1
1.426666667E1	4.911651659E1	4.514090058E1
1.428333333E1	4.911210697E1	4.536950354E1
1.430000000E1	4.911792206E1	4.560484329E1
1.431666667E1	4.911282081E1	4.580945869E1
1.433333333E1	4.911953629E1	4.605963310E1
1.435000000E1	4.911502938E1	4.627239932E1
1.436666667E1	4.910936073E1	4.650568409E1
1.438333333E1	4.911410725E1	4.673664563E1
1.440000000E1	4.910788204E1	4.693870281E1
1.441666667E1	4.911372788E1	4.719050706E1
1.443333333E1	4.910902023E1	4.738794812E1
1.445000000E1	4.910568339E1	4.757883915E1
1.446666667E1	4.910351200E1	4.777640128E1
1.448333333E1	4.911100821E1	4.800195651E1
1.450000000E1	4.910718366E1	4.819101481E1
1.451666667E1	4.910389854E1	4.836688428E1
1.453333333E1	4.910192604E1	4.855520499E1
1.455000000E1	4.909667329E1	4.872774606E1
1.456666667E1	4.909735117E1	4.891789753E1
1.458333333E1	4.910743569E1	4.911099860E1
1.460000000E1	4.910509870E1	4.929202145E1
1.461666667E1	4.910603097E1	4.946335299E1
1.463333333E1	4.910387590E1	4.962480829E1
1.465000000E1	4.910377462E1	4.978617131E1
1.466666667E1	4.910449213E1	4.993483942E1
1.468333333E1	4.909867884E1	5.006077480E1
1.470000000E1	4.908697109E1	5.019128281E1
1.471666667E1	4.909393581E1	5.030607458E1
1.473333333E1	4.909901504E1	5.044822664E1
1.475000000E1	4.909847265E1	5.058597652E1
1.476666667E1	4.908364307E1	5.067370729E1
1.478333333E1	4.909445568E1	5.079137935E1
1.480000000E1	4.909812285E1	5.091712804E1
1.481666667E1	4.908345715E1	5.100687431E1
1.483333333E1	4.908979114E1	5.110619976E1
1.485000000E1	4.909856303E1	5.121645932E1
1.486666667E1	4.908921953E1	5.128672370E1
1.488333333E1	4.909542025E1	5.139548130E1
1.490000000E1	4.908573667E1	5.145632467E1
1.491666667E1	4.909583079E1	5.155909301E1
1.493333333E1	4.908668423E1	5.161470987E1
1.495000000E1	4.909680129E1	5.171787209E1
1.496666667E1	4.908959607E1	5.176243318E1
1.498333333E1	4.909540773E1	5.185988662E1
1.500000000E1	4.909291893E1	5.190800707E1
1.501666667E1	4.907831608E1	5.197853664E1
1.503333333E1	4.909582026E1	5.205122140E1
1.505000000E1	4.908563709E1	5.208364141E1
1.506666667E1	4.909716114E1	5.217272604E1
1.508333333E1	4.909446334E1	5.221780165E1
1.510000000E1	4.908468969E1	5.225833930E1
1.511666667E1	4.909866822E1	5.233473534E1
1.513333333E1	4.909281558E1	5.237814077E1
1.515000000E1	4.908867054E1	5.241716963E1
1.516666667E1	4.909855968E1	5.248803547E1
1.518333333E1	4.909468201E1	5.254705426E1
1.520000000E1	4.908557527E1	5.258907526E1
1.521666667E1	4.909576334E1	5.267112370E1
1.523333333E1	4.909169602E1	5.271023941E1
1.525000000E1	4.908343959E1	5.275746559E1
1.526666667E1	4.909498166E1	5.284444333E1
1.528333333E1	4.909113851E1	5.288748665E1
1.530000000E1	4.909972779E1	5.297082848E1
1.531666667E1	4.909538856E1	5.303510860E1
1.533333333E1	4.908682044E1	5.309470080E1
1.535000000E1	4.909801933E1	5.318739621E1
1.536666667E1	4.908563573E1	5.326476237E1
1.538333333E1	4.909725141E1	5.335196632E1
1.540000000E1	4.910401642E1	5.344077675E1
1.541666667E1	4.909670267E1	5.352618720E1
1.543333333E1	4.909863187E1	5.364231446E1
1.545000000E1	4.908985133E1	5.371766197E1
1.546666667E1	4.909518497E1	5.383683189E1
1.548333333E1	4.909871463E1	5.397552393E1
1.550000000E1	4.910056929E1	5.409578407E1
1.551666667E1	4.908810532E1	5.419477195E1
1.553333333E1	4.909380983E1	5.433599710E1
1.555000000E1	4.909061542E1	5.447667645E1
1.556666667E1	4.909959844E1	5.463019018E1
1.558333333E1	4.909860648E1	5.477684394E1
1.560000000E1	4.909915836E1	5.492926676E1
1.561666667E1	4.910030841E1	5.508395947E1
1.563333333E1	4.910012665E1	5.524104769E1
1.565000000E1	4.909970756E1	5.541285264E1
1.566666667E1	4.909602368E1	5.559229101E1
1.568333333E1	4.909609309E1	5.575942643E1
1.570000000E1	4.909016185E1	5.594886018E1
1.571666667E1	4.908615214E1	5.612487264E1
1.573333333E1	4.910067497E1	5.636565176E1
1.575000000E1	4.909635104E1	5.656202037E1
1.576666667E1	4.908766244E1	5.676098262E1
1.578333333E1	4.909797599E1	5.699663123E1
1.580000000E1	4.909312368E1	5.721447902E1
1.581666667E1	4.908529512E1	5.742366651E1
1.583333333E1	4.909724689E1	5.767007447E1
1.585000000E1	4.908973206E1	5.788769721E1
1.586666667E1	4.909682116E1	5.815175743E1
1.588333333E1	4.908669054E1	5.837458901E1
1.590000000E1	4.909458362E1	5.865228704E1
1.591666667E1	4.907711270E1	5.889296878E1
1.593333333E1	4.909236716E1	5.915284276E1
1.595000000E1	4.909674080E1	5.942993919E1
1.596666667E1	4.908242969E1	5.966397807E1
1.598333333E1	4.909304851E1	5.994944127E1
1.600000000E1	4.909706115E1	6.023091887E1
1.601666667E1	4.908652360E1	6.047303218E1
1.603333333E1	4.909010713E1	6.076687604E1
1.605000000E1	4.909304221E1	6.105542030E1
1.606666667E1	4.909762986E1	6.133754836E1
1.608333333E1	4.908749565E1	6.158999683E1
1.610000000E1	4.909213865E1	6.187881734E1
1.611666667E1	4.909873243E1	6.214959707E1
1.613333333E1	4.908390556E1	6.240714617E1
1.615000000E1	4.909390435E1	6.269163025E1
1.616666667E1	4.909314267E1	6.298235796E1
1.618333333E1	4.907890319E1	6.322583945E1
1.620000000E1	4.908994482E1	6.350748622E1
1.621666667E1	4.909373641E1	6.378945019E1
1.623333333E1	4.908244922E1	6.402756166E1
1.625000000E1	4.909117914E1	6.429635209E1
1.626666667E1	4.907902664E1	6.452664969E1
1.628333333E1	4.909116016E1	6.478673107E1
1.630000000E1	4.907930351E1	6.501897270E1
1.631666667E1	4.909180958E1	6.526889204E1
1.633333333E1	4.908226900E1	6.548858044E1
1.635000000E1	4.909381879E1	6.573929066E1
1.636666667E1	4.908848385E1	6.594026447E1
1.638333333E1	4.908207166E1	6.615097662E1
1.640000000E1	4.909881662E1	6.636444938E1
1.641666667E1	4.909640303E1	6.654932472E1
1.643333333E1	4.909715244E1	6.672153095E1
1.645000000E1	4.909621937E1	6.688809228E1
1.646666667E1	4.909653451E1	6.704849040E1
1.648333333E1	4.909531311E1	6.720808337E1
1.650000000E1	4.909676942E1	6.735249577E1
1.651666667E1	4.909909046E1	6.747770255E1
1.653333333E1	4.908668619E1	6.757323363E1
1.655000000E1	4.909506819E1	6.769042312E1
1.656666667E1	4.910370788E1	6.779508722E1
1.658333333E1	4.909629905E1	6.786379690E1
1.660000000E1	4.910372888E1	6.795540146E1
1.661666667E1	4.909849180E1	6.801264685E1
1.663333333E1	4.909399306E1	6.802884283E1
1.665000000E1	4.909108709E1	6.804873970E1
1.666666667E1	4.908693216E1	6.806911808E1
1.668333333E1	4.908817031E1	6.806568771E1
1.670000000E1	4.909243813E1	6.804810439E1
1.671666667E1	4.909946582E1	6.801934237E1
1.673333333E1	4.910530807E1	6.798442104E1
1.675000000E1	4.909299902E1	6.789390783E1
1.676666667E1	4.910262804E1	6.783768611E1
1.678333333E1	4.909781145E1	6.772581688E1
1.680000000E1	4.910435945E1	6.763682931E1
1.681666667E1	4.910739184E1	6.751265457E1
1.683333333E1	4.910153588E1	6.735906892E1
1.685000000E1	4.910344548E1	6.720096594E1
1.686666667E1	4.910248683E1	6.703412240E1
1.688333333E1	4.910360698E1	6.685206301E1
1.690000000E1	4.909344147E1	6.662587787E1
1.691666667E1	4.910345000E1	6.640432896E1
1.693333333E1	4.911048693E1	6.618102293E1
1.695000000E1	4.910586257E1	6.591811992E1
1.696666667E1	4.910080671E1	6.562238558E1
1.698333333E1	4.910213281E1	6.532067526E1
1.700000000E1	4.911363390E1	6.503444309E1
1.701666667E1	4.911350248E1	6.473549515E1
1.703333333E1	4.911332146E1	6.441663523E1
1.705000000E1	4.911528336E1	6.407940114E1
1.706666667E1	4.910831044E1	6.368649480E1
1.708333333E1	4.911370934E1	6.332620224E1
1.710000000E1	4.910891720E1	6.290643543E1
1.711666667E1	4.911640976E1	6.252551421E1
1.713333333E1	4.911105977E1	6.208725521E1
1.715000000E1	4.911877786E1	6.170588085E1
1.716666667E1	4.911814066E1	6.124594689E1
1.718333333E1	4.911850393E1	6.077228884E1
1.720000000E1	4.911742886E1	6.029452779E1
1.721666667E1	4.911903086E1	5.981811106E1
1.723333333E1	4.911934531E1	5.934070619E1
1.725000000E1	4.912077728E1	5.885027646E1
1.726666667E1	4.912463142E1	5.834616111E1
1.728333333E1	4.913123404E1	5.783832294E1
1.730000000E1	4.913711343E1	5.731862879E1
1.731666667E1	4.912770952E1	5.677253476E1
1.733333333E1	4.913219165E1	5.624692322E1
1.735000000E1	4.912868574E1	5.568909730E1
1.736666667E1	4.913457489E1	5.512917894E1
1.738333333E1	4.914637075E1	5.460821386E1
1.740000000E1	4.913799592E1	5.402397808E1
1.741666667E1	4.915169984E1	5.347269465E1
1.743333333E1	4.914570438E1	5.288505181E1
1.745000000E1	4.915914677E1	5.234418601E1
1.746666667E1	4.915030126E1	5.175036801E1
1.748333333E1	4.915040231E1	5.116043976E1
1.750000000E1	4.917061627E1	5.059465584E1
1.751666667E1	4.915910517E1	5.001461296E1
1.753333333E1	4.917920297E1	4.945973420E1
1.755000000E1	4.916595151E1	4.886120894E1
1.756666667E1	4.920482165E1	4.832336662E1
1.758333333E1	4.919226381E1	4.772434203E1
1.760000000E1	4.921489548E1	4.719911215E1
1.761666667E1	4.921224850E1	4.660721801E1
1.763333333E1	4.923059865E1	4.606486729E1
1.765000000E1	4.923108999E1	4.549270530E1
1.766666667E1	4.924466520E1	4.496765782E1
1.768333333E1	4.925613342E1	4.442201010E1
1.770000000E1	4.924016598E1	4.387381203E1
1.771666667E1	4.925221162E1	4.336232954E1
1.773333333E1	4.925918011E1	4.286832663E1
1.775000000E1	4.926132233E1	4.237242737E1
1.776666667E1	4.927174279E1	4.186299184E1
1.778333333E1	4.927344404E1	4.137402181E1
1.780000000E1	4.927235439E1	4.090318168E1
1.781666667E1	4.927091609E1	4.045333342E1
1.783333333E1	4.927161527E1	3.999748731E1
1.785000000E1	4.926698331E1	3.957376981E1
1.786666667E1	4.928115793E1	3.914840034E1
1.788333333E1	4.927424354E1	3.872319000E1
1.790000000E1	4.928131509E1	3.834589809E1
1.791666667E1	4.928582213E1	3.798168202E1
1.793333333E1	4.927549583E1	3.761809001E1
1.795000000E1	4.928215437E1	3.726420055E1
1.796666667E1	4.928236196E1	3.693797239E1
1.798333333E1	4.928423302E1	3.661787070E1
1.800000000E1	4.928149650E1	3.632246452E1
1.801666667E1	4.929168296E1	3.607563236E1
1.803333333E1	4.928421003E1	3.580886820E1
1.805000000E1	4.929092169E1	3.558313914E1
1.806666667E1	4.928496039E1	3.534412859E1
1.808333333E1	4.928646478E1	3.514673174E1
1.810000000E1	4.929036901E1	3.497588029E1
1.811666667E1	4.929001212E1	3.481022784E1
1.813333333E1	4.929043859E1	3.466073209E1
1.815000000E1	4.928517976E1	3.453288444E1
1.816666667E1	4.929258708E1	3.443187719E1
1.818333333E1	4.928567475E1	3.435234224E1
1.820000000E1	4.929094936E1	3.428680830E1
1.821666667E1	4.928072085E1	3.424614727E1
1.823333333E1	4.928209909E1	3.421376052E1
1.825000000E1	4.928124955E1	3.421022979E1
1.826666667E1	4.928140753E1	3.421459698E1
1.828333333E1	4.927516450E1	3.425736589E1
1.830000000E1	4.928134514E1	3.432810821E1
1.831666667E1	4.927670918E1	3.439233067E1
1.833333333E1	4.927880040E1	3.449030473E1
1.835000000E1	4.928291080E1	3.459661862E1
1.836666667E1	4.927033948E1	3.473926759E1
1.838333333E1	4.927198228E1	3.487919996E1
1.840000000E1	4.927005875E1	3.504353636E1
1.841666667E1	4.927597083E1	3.524070409E1
1.843333333E1	4.927052715E1	3.546327261E1
1.845000000E1	4.926396381E1	3.566367466E1
1.846666667E1	4.927080597E1	3.592713592E1
1.848333333E1	4.926312805E1	3.614925702E1
1.850000000E1	4.926683483E1	3.643130828E1
1.851666667E1	4.926411492E1	3.673549106E1
1.853333333E1	4.926154677E1	3.704467631E1
1.855000000E1	4.926218783E1	3.736845367E1
1.856666667E1	4.926054865E1	3.769534625E1
1.858333333E1	4.925724431E1	3.803614853E1
1.860000000E1	4.925350450E1	3.837941841E1
1.861666667E1	4.924513285E1	3.874250100E1
1.863333333E1	4.925660508E1	3.915830216E1
1.865000000E1	4.924335847E1	3.953001379E1
1.866666667E1	4.924672109E1	3.996418916E1
1.868333333E1	4.923149798E1	4.037429906E1
1.870000000E1	4.923704123E1	4.078867673E1
1.871666667E1	4.924475365E1	4.125645664E1
1.873333333E1	4.924268499E1	4.171113325E1
1.875000000E1	4.924354448E1	4.218370304E1
1.876666667E1	4.922611365E1	4.263865609E1
1.878333333E1	4.922983201E1	4.308936551E1
1.880000000E1	4.923231159E1	4.356724669E1
1.881666667E1	4.923076512E1	4.405328607E1
1.883333333E1	4.922782433E1	4.455003480E1
1.885000000E1	4.925038340E1	4.506398882E1
1.886666667E1	4.924803860E1	4.556481869E1
1.888333333E1	4.924721042E1	4.607519857E1
1.890000000E1	4.923868201E1	4.658037505E1
1.891666667E1	4.923970591E1	4.709564649E1
1.893333333E1	4.923172142E1	4.759366589E1
1.895000000E1	4.923050986E1	4.809882209E1
1.896666667E1	4.924682198E1	4.863280343E1
1.898333333E1	4.924329135E1	4.915576801E1
1.900000000E1	4.923521154E1	4.966820703E1
1.901666667E1	4.923519961E1	5.016717493E1
1.903333333E1	4.923137951E1	5.066542541E1
1.905000000E1	4.924908475E1	5.119843445E1
1.906666667E1	4.924484891E1	5.171607941E1
1.908333333E1	4.924730100E1	5.221446281E1
1.910000000E1	4.924654765E1	5.270503086E1
1.911666667E1	4.924387714E1	5.318838928E1
1.913333333E1	4.924423541E1	5.367840479E1
1.915000000E1	4.923922315E1	5.416595512E1
1.916666667E1	4.923563043E1	5.464164225E1
1.918333333E1	4.924076774E1	5.511183912E1
1.920000000E1	4.924186398E1	5.556631754E1
1.921666667E1	4.924829109E1	5.602476594E1
1.923333333E1	4.922450026E1	5.645239457E1
1.925000000E1	4.923468547E1	5.689823715E1
1.926666667E1	4.924290179E1	5.731408718E1
1.928333333E1	4.923031755E1	5.771847089E1
1.930000000E1	4.923771380E1	5.814215159E1
1.931666667E1	4.922505319E1	5.853257970E1
1.933333333E1	4.923585876E1	5.893638245E1
1.935000000E1	4.922654847E1	5.931196512E1
1.936666667E1	4.922500252E1	5.964621846E1
1.938333333E1	4.922203411E1	5.998368586E1
1.940000000E1	4.922085271E1	6.031339567E1
1.941666667E1	4.921456678E1	6.063926337E1
1.943333333E1	4.921885137E1	6.095885635E1
1.945000000E1	4.921939530E1	6.126747943E1
1.946666667E1	4.922824716E1	6.156434237E1
1.948333333E1	4.923536769E1	6.182526093E1
1.950000000E1	4.921188604E1	6.207233386E1
1.951666667E1	4.922941956E1	6.233009839E1
1.953333333E1	4.921844033E1	6.255390192E1
1.955000000E1	4.920541183E1	6.277380883E1
1.956666667E1	4.922735525E1	6.298069512E1
1.958333333E1	4.922740426E1	6.317157411E1
1.960000000E1	4.922563539E1	6.334150948E1
1.961666667E1	4.922319584E1	6.350902547E1
1.963333333E1	4.922773508E1	6.366852707E1
1.965000000E1	4.923199658E1	6.381154387E1
1.966666667E1	4.923578421E1	6.394292857E1
1.968333333E1	4.921730931E1	6.402677935E1
1.970000000E1	4.923436195E1	6.413749585E1
1.971666667E1	4.921431769E1	6.421585556E1
1.973333333E1	4.923247483E1	6.429666405E1
1.975000000E1	4.922539749E1	6.434351297E1
1.976666667E1	4.923926828E1	6.441101327E1
1.978333333E1	4.923920111E1	6.444180970E1
1.980000000E1	4.923782399E1	6.446254027E1
1.981666667E1	4.923742201E1	6.447036835E1
1.983333333E1	4.924035347E1	6.447546186E1
1.985000000E1	4.924138787E1	6.447443195E1
1.986666667E1	4.924329687E1	6.446458168E1
1.988333333E1	4.924370147E1	6.444360918E1
1.990000000E1	4.924890211E1	6.439653443E1
1.991666667E1	4.923211542E1	6.434223953E1
1.993333333E1	4.924257118E1	6.429515408E1
1.995000000E1	4.922773021E1	6.422793423E1
1.996666667E1	4.924193418E1	6.415428136E1
1.998333333E1	4.925093363E1	6.408522164E1
